[
    [
        -0.06372271497131912,
        1.2290354031002508,
        -0.6320889799770375,
        -0.7340381825310178,
        0.4033834680634206,
        0.325057455100444,
        -0.010324025955895903,
        0.320034324738583,
        -0.16192116582019245,
        0.05732853726389661,
        1.53499123597469,
        0.39041646408913194,
        -0.8150062286221789,
        -1.062495964119454,
        -0.28987393985056364,
        -0.585256286760372,
        -0.32405587564641575,
        -0.16290612872560634,
        -1.2118640338855478,
        -0.7999399215935136,
        -0.041754504932843,
        -0.06777734259195584,
        -0.20263133133512642,
        -0.05350825621171242,
        -0.14852451947896367,
        0.2042186448721646,
        1.7501913610925879,
        1.0952330396450143,
        -0.08768509887123105,
        0.11474170690217192,
        0.18263933126323523,
        0.13427578675787688,
        0.2624576942976729,
        1.1403910224500047,
        -0.12569950252222947,
        0.09414426835528238,
        0.4084254587328261,
        0.40293386604112236,
        -0.14771208011761897,
        0.24753027249098916,
        0.12360243547532844,
        0.24562536082483608,
        1.3482966675528103,
        0.2828194813378801,
        -0.6417648222721476,
        -1.4367548382780442,
        -1.2516868741005254,
        -0.8016803222276992,
        0.039778980346297635,
        0.2931822050177173,
        -0.21114977659288867,
        -0.3663299876931897,
        -0.030982033657779164,
        0.009523445688530125,
        -0.07712481466379048,
        0.09488564813280653,
        -0.11140176798263753,
        -0.08018795893665147,
        0.4562528594250166,
        0.30247831476006554,
        -0.05688387047228576,
        -0.14150826402001931,
        0.10245800580599472,
        -0.0820168067988285,
        1.1712833065895356,
        1.6868313063163651,
        -0.5424373210585697,
        -0.9941902969670506,
        0.5608919174947629,
        0.4625060736038838,
        0.353407672872099,
        0.8256191544468495,
        -0.023325275075283917,
        0.04346386409701777,
        1.532683565108955,
        0.1286151339135469,
        -1.6973434208113474,
        -2.004121624883996,
        -0.6884295334190498,
        -0.5524333421220327,
        -0.117271975547476,
        0.9294723589507866,
        -1.1145711490354042,
        -1.1352617271278773,
        0.36801242775075166,
        0.15956647212389669,
        0.13465145014171506,
        0.7843809122002288,
        -0.12139089654429944,
        -0.13933405747712954,
        1.5760682783096769,
        0.6455205453428632,
        -0.1885740943427768,
        -0.4766481060834439,
        -0.26705145840895533,
        -0.934299076667522,
        0.8741637942136053,
        1.3133562579528897,
        -1.257263250780451,
        -2.142254716856468,
        -0.6466284160578982,
        -0.12636790402258058,
        0.1434990623261858,
        0.35045411556872214,
        -0.17452213826079763,
        -0.22863388122002865,
        1.2362977821371275,
        0.9738196163972865,
        0.10627427562932412,
        -0.5169280233175763,
        0.06785694698956288,
        -0.05550536131144531,
        0.9758483464786315,
        1.7354390984050962,
        0.10978725460459755,
        -0.5859459376985662,
        -0.33951602305084927,
        -0.4367495691867456,
        -0.12169557798896108,
        0.13619317724931282,
        -0.36272183196045826,
        -0.58477448081339,
        0.36299057545626473,
        0.8020796999470696,
        0.2672591654629409,
        -0.9558372458294098,
        -0.6831395885538294,
        -0.405468192148305
    ],
    [
        0.8682737912986794,
        -0.1525734670828402,
        -0.9046533415511226,
        -1.1862506850501362,
        -0.8781037824874545,
        -0.33630321706489785,
        -0.1268173812776206,
        -2.2107462317791304,
        0.7916599090674025,
        3.46618478029842,
        1.3463367488568765,
        -0.5395032620934042,
        0.1776901980387906,
        0.10892154231872078,
        -0.27154201064717043,
        0.027088811389956155,
        0.10504651146507472,
        -0.5486927672549718,
        -0.6920030628497662,
        -0.531130821501279,
        -0.08448880292800402,
        0.34422263191386376,
        0.21573671236374548,
        -1.8094616575726794,
        0.5061317083916959,
        2.7419406872197225,
        0.9584957262050673,
        -0.35250587921073323,
        0.3780135258115207,
        -0.1243765185115992,
        -0.6288411015995161,
        -0.080738980754972,
        -0.3614089701503512,
        -0.11634006263973283,
        -0.3395570116696638,
        -0.2537971347601271,
        0.7857007045911976,
        0.988397735559322,
        0.5096798615056287,
        -2.2860422494306314,
        -0.30160882076486,
        2.8930493596057305,
        1.407251692542223,
        -0.14053554320719217,
        0.3631574778638093,
        0.015825793096177567,
        -1.1148884830142138,
        -1.4958588828130612,
        0.26317071927012514,
        -0.1549989104429098,
        -0.1888499348316058,
        -0.2920664264517781,
        -0.08877815896667446,
        -0.020029311468114517,
        -0.02536790044940347,
        -0.7704245624730196,
        0.29306324155975977,
        1.1037190423835748,
        0.36924766337103615,
        -0.2793528516372439,
        -0.12617319100590305,
        -0.002621372911462315,
        -0.05263348358065519,
        0.39907893263891464,
        1.1596702695529493,
        0.1499024915459508,
        0.07334592159151744,
        -0.7170639521548678,
        -0.5652181768789476,
        -0.23006938844230762,
        -0.40195719122009904,
        -2.584930737381938,
        0.18331704978053853,
        2.5594346328869886,
        0.7606020392111982,
        -0.8398024850395077,
        -0.3601823442662629,
        0.1340153454974826,
        -0.03711258690495632,
        0.9908576449147826,
        0.34457781892731665,
        -0.4425503068021411,
        -0.05003945604807268,
        -0.941974458722346,
        -0.7552578281834557,
        -0.1944791007374808,
        -0.3296095977778801,
        -2.593094990954563,
        0.15481969574752352,
        2.635062626778406,
        0.9397499598693129,
        -0.2624105728948182,
        0.39354149623506957,
        0.790997523645638,
        0.0022589939526874324,
        0.45604586396298386,
        0.9400138268837113,
        -0.19379628925540704,
        0.14841767757874944,
        -0.6124384965323147,
        -0.23693868991838243,
        -0.14151375227894536,
        -0.5440362904966576,
        -2.2521147341692664,
        0.4382484034753975,
        2.897807533936404,
        1.1074601943140512,
        -0.971306282199125,
        -1.0667685724587133,
        -0.5744612609632308,
        -0.0362364920677692,
        1.5394042826925238,
        0.6436575058443277,
        0.03760558222818772,
        0.4165127016717049,
        0.1005601198545214,
        0.535868187715023,
        0.596174954496335,
        -0.24955707863136814,
        -1.8313572109563243,
        0.0864508580156623,
        1.905363415224195,
        0.9457952354479995,
        -0.9407394204207336,
        -1.530259351621563,
        -1.2839789297142556,
        -0.6988101882763342,
        0.9491893470486346
    ],
    [
        -0.49856992544741086,
        0.5698856774782555,
        -0.3544390985775162,
        -0.22453925534863609,
        -0.804967642036587,
        0.2752179848872166,
        0.15668629641773568,
        -0.07019851508730385,
        0.09191965522488414,
        -0.1892514170534901,
        -0.5147973133621584,
        -0.5959312435105248,
        -0.24339101660120802,
        0.9932772720702076,
        1.2337181871997922,
        -0.11889564095033497,
        -0.24595775794684416,
        0.7860835884271856,
        0.29246093490645586,
        0.4866608402746947,
        0.05174008715072379,
        0.6444159888171347,
        0.38089168128805173,
        -0.05380895581319652,
        0.016761474073281105,
        -0.3908334016572825,
        -0.5780102050141418,
        -0.8271952546597993,
        -0.5819270263669294,
        0.11391463623642188,
        0.21715425666251978,
        -0.8022253285243337,
        -1.29136983586183,
        -0.027302278309409362,
        0.33371972428230273,
        1.034306996377693,
        -0.46613532725111523,
        -0.3830230463104029,
        0.36787702572273767,
        0.07601458366658662,
        -0.11136317664380609,
        -0.5895126509821842,
        -0.39690850196276733,
        -0.09180983886714716,
        0.12144458676414664,
        0.41465943612786177,
        1.0547567176772275,
        -0.22640967609226115,
        -0.14022671693374042,
        0.16345009032874747,
        -0.13671408080286546,
        -0.1151238584381147,
        -0.2088111478143454,
        0.16261435386631487,
        0.15075949177821996,
        0.030066289705584514,
        0.060504654301519425,
        -0.0652602581657247,
        -0.18069331784036016,
        -0.10229373239657444,
        -0.06150978472412553,
        0.15937179074928795,
        0.3429999678962652,
        -0.015456292504311592,
        0.3767997631729617,
        2.4305791102570433,
        1.0076411680870607,
        1.0405112873369684,
        -0.05936116816141685,
        0.5291769646498445,
        0.25954008638966236,
        0.15973805380987366,
        -0.10501569870190708,
        -0.7914552872411529,
        -0.8965330849944325,
        -0.9837692799574846,
        -0.7497862506244537,
        -0.5270800277086746,
        -0.1601091901064328,
        -1.755028293812188,
        -0.363957133559586,
        0.7727456704576406,
        -0.20625732366581098,
        0.25665849660505596,
        -0.6569763633128366,
        -0.2706412102755856,
        -0.3888569503642324,
        -0.014587766038378245,
        0.2134205001012682,
        -0.20338610208371258,
        -0.012664269628404796,
        -0.20805793795997068,
        0.03806663184740742,
        0.9298781674331303,
        0.6481440813524607,
        -0.7163680054753744,
        0.2970083578534394,
        1.6270738624038763,
        0.6353728465428765,
        0.15177357354339982,
        -0.5350745229188196,
        0.5275167740401774,
        0.22746384794833516,
        -0.15173848348444452,
        -0.051059507876045636,
        -0.3815715408555813,
        -0.5790414319547178,
        -0.6024207460725167,
        -0.3904201444738821,
        -0.2569128001861865,
        -0.11737717683912445,
        -0.6770529727967963,
        -0.2385329803063205,
        1.001245559681357,
        0.526985744852084,
        -0.1519731721344165,
        -0.282636581020226,
        1.154953134110081,
        1.2150062947536744,
        0.26421451479517927,
        0.04001588355029334,
        -0.011816734818022938,
        -0.18934506331682494,
        -0.6532211327914297,
        -0.6530356835294797,
        -0.46659679035203694,
        -0.8198112753339288,
        -1.0252618993723035
    ],
    [
        0.4373723610635828,
        0.7652023263146998,
        1.3329415556646709,
        0.21696331904903687,
        -0.8281742446100921,
        -0.6851779933877927,
        0.7177950965317788,
        0.2508232429483157,
        -0.522721696309652,
        -0.12374281091719261,
        0.12862171520150548,
        -0.22202143336351843,
        -0.17633953195795432,
        -0.3023777405057508,
        -0.5959000000898553,
        -0.29213091606369285,
        -0.7044819285801938,
        -0.36340416200870373,
        0.3850032851609718,
        -0.12215143424970984,
        -0.36747937744047493,
        -0.3444716848430471,
        0.8045422151748862,
        0.9145368409797333,
        -0.056101742740031955,
        0.45433206039509283,
        0.6046483005447404,
        0.27684961724114737,
        0.4400704145438102,
        0.11855624923749125,
        -0.5278468243987057,
        -0.42726622050209895,
        1.4545530594892246,
        1.9387108191292644,
        2.4601089221096135,
        1.0612729354895436,
        -0.5508682354264961,
        0.015893909522583786,
        2.0789258141316456,
        1.4826608513846309,
        0.08000373002905938,
        -1.430578757988605,
        -1.8508361523492434,
        -1.9092167853261914,
        -1.73476967802584,
        -1.903988821176748,
        -1.4805311607047915,
        -0.3442478482264993,
        -0.11525955157583057,
        -0.06462378630292209,
        0.04774393879735257,
        -0.048974693742995616,
        -0.16550622998417522,
        0.0027193970455893102,
        0.526510823122501,
        0.21403119289201497,
        -0.07075645581420233,
        0.20613224314231582,
        0.19582638343828693,
        0.05135530762935679,
        0.007270158473607094,
        -0.13699621045358631,
        -0.3186186738141383,
        -0.19516807291968435,
        0.09458530874432294,
        -0.1835726334228671,
        -0.2784702139211951,
        -0.656387896042231,
        -1.168946421599827,
        -0.7021881447204863,
        1.0997925268261735,
        0.44057539776210214,
        -0.4353454629347207,
        0.40541293094875297,
        0.7993151466940416,
        0.49291813438187765,
        0.8506635087918737,
        0.3321978658775272,
        -0.5868803425702116,
        -0.36780278637132807,
        -0.3613743331547848,
        -0.1333811244204472,
        -0.3616054943210318,
        -0.22358380754972534,
        -0.7532058818454616,
        -0.43451329502498093,
        1.4688195728525455,
        0.30844186116702393,
        -0.5651802476895473,
        0.27720731812499866,
        0.7841210146954292,
        0.21044801817683656,
        0.8528564669206263,
        0.7412962999244973,
        -0.4324373313744931,
        -1.0364038981068149,
        -0.5681005978977604,
        -0.20463522412682922,
        -0.13795302611121044,
        0.3336640985188581,
        -0.30966403530284825,
        -0.055247214407540705,
        1.4047266535201564,
        0.461298508698564,
        -0.20173244842661942,
        0.6049801420688616,
        0.9240959932697056,
        0.4590675451507072,
        0.44214895291390705,
        -0.38577802644200004,
        -1.0807038165134863,
        -1.3917312421554142,
        -0.2926929361804694,
        -0.523866901878029,
        -0.0012078260659750162,
        0.8096453857432142,
        0.09139239037937591,
        -0.019488145989425536,
        0.5148059227746075,
        -0.22897462414140066,
        -0.3827192457728748,
        0.3765010669613689,
        0.32022835700195706,
        0.13702466333265922,
        0.3013849968943204,
        -0.03199664665281574,
        -0.4952375551463025,
        -0.4840253037465242
    ],
    [
        0.9228820385613321,
        2.263963119129228,
        1.006117189623812,
        0.12311010967894355,
        -0.7155728885994176,
        -0.8816472902391407,
        -1.2584902278406227,
        -1.3571698911417502,
        -1.4593909621358354,
        0.03671364221532198,
        1.2789424232507611,
        0.9425100654938261,
        0.11395288562034153,
        0.20350583136580094,
        -0.6813757569292289,
        -0.31065348278637167,
        0.3448543724305955,
        0.8788843357308214,
        0.2877730873920332,
        -0.06660195641051615,
        -0.0855416880804995,
        -0.5651452807375541,
        -0.9965452239474346,
        -1.9769569001122638,
        -1.6670410880233852,
        0.0020170147266008413,
        1.5086637646607777,
        1.1891853356545705,
        0.4857995549843987,
        0.5059344613234024,
        0.041120175489289396,
        0.5235895302237045,
        0.6308679326421783,
        1.7277481216273327,
        1.146052436899665,
        0.16910731355078693,
        -0.7268572519862934,
        -0.7453623617229663,
        -0.8764294794272622,
        -1.4076992010560319,
        -1.7810177348327216,
        -0.3275861878837625,
        0.6545827516449443,
        0.8400345756591091,
        0.6480557058825998,
        0.6734371164402027,
        -0.752348455574965,
        -0.18495466896742244,
        0.16956063121218123,
        0.5080853684231803,
        0.09438437730062639,
        -0.027554602907234212,
        -0.19773064123912318,
        -0.22453434056572605,
        -0.25231421786042163,
        -0.4553129382307583,
        -0.44976867518301894,
        0.008163603022677095,
        0.4136545166788142,
        0.42197652310483746,
        0.09776189594688943,
        0.040837194374467055,
        -0.22423321683660719,
        -0.16691004886793961,
        0.6881159857082954,
        2.1541313386058003,
        0.6801240137336848,
        0.055052998890281764,
        -0.5346302810119452,
        -0.8511699867348166,
        -0.5628111086472146,
        -0.6907880389727611,
        -0.8642133329269588,
        0.3589759244704071,
        1.1190306228108786,
        0.6219219741442986,
        -0.14354477499576143,
        -0.5554962453209293,
        -1.072092327648482,
        -0.6067361929892807,
        0.2533927548644983,
        1.5785911314475127,
        0.8459668418729214,
        0.039890577036848306,
        -0.6234637802017515,
        -0.7513622653378247,
        -0.8966384984765893,
        -1.172664035055401,
        -1.0772859715356038,
        0.12121598159888515,
        0.9271683017496375,
        1.0210317757376752,
        0.6846043544415863,
        0.2401735900456911,
        -0.8681657263558197,
        -0.41153295369953563,
        0.03301418102491977,
        1.8296804272941996,
        0.606914979228056,
        -0.639007002833864,
        -0.8321334101705706,
        -0.58477628722502,
        -0.6012247504589471,
        -1.0895604197821789,
        -1.0474231079784146,
        0.09839392979802226,
        1.040416956564532,
        1.2468779211428105,
        0.4869359571052507,
        0.0077504938610496645,
        -0.5749228989923292,
        -0.34967883972725194,
        -0.1599797393042203,
        0.9303103367008951,
        0.35541066465316495,
        -0.7588935649204768,
        -0.6813996479918004,
        -0.19121378680440262,
        0.05676523640761987,
        -0.41616398109656744,
        -0.5554470725172383,
        -0.04784928705547371,
        0.3317551288012007,
        0.6034798068901664,
        0.31428873028160614,
        0.11892498327519521,
        -0.2167363625010104,
        0.12989697678885154
    ]
]