[
    [
        0.04052696570017159,
        -1.3598076082593777,
        -0.4502444770208989,
        0.4214965681971732,
        0.06149684045171529,
        0.49362039325686796,
        0.5227742914424094,
        -0.8088281701883879,
        0.12876811403695457,
        0.6540331932011411,
        0.5427926201440084,
        0.37373805014208483,
        0.2935270777686727,
        -0.3115089101437669,
        -0.46326830177643236,
        0.18829926954419,
        -0.005720001552849797,
        -0.6910638500791083,
        -0.24986271649543632,
        -0.08487411466087344,
        -0.45592980473623396,
        0.013688820636757793,
        0.0854929601213999,
        -0.9276805125985487,
        -0.3160418773410499,
        0.22584331970195884,
        0.32632983747907096,
        0.5261156667893695,
        0.7523788731374048,
        0.22539214112927694,
        0.18931426411602545,
        0.4401493689508912,
        -0.3975298977064413,
        -0.1918951036055256,
        0.22235867528749825,
        0.5555658374974818,
        -0.053119172246071274,
        1.1480381830642974,
        1.850418346823826,
        0.09986133930501119,
        0.6074868206545542,
        0.6961696409042548,
        0.16442138495937078,
        -0.19742373892899562,
        -0.7710279174889175,
        -1.4252301069131277,
        -1.0167173772358173,
        -1.1894704089419224,
        0.09683371410121225,
        -1.4307904736638088,
        -0.8783106152202342,
        -0.457766178066187,
        -0.8539793320802038,
        -0.2646018473184938,
        0.7627500157469824,
        -0.37122367454924754,
        -0.35232348582278766,
        0.11605458312940371,
        0.26904604027421275,
        0.4838901845127327,
        0.8211400042833709,
        0.7617688916587383,
        0.6861671402878107,
        0.5861709036421475,
        -0.7184552259069825,
        -1.7186691162198997,
        -1.059758385754675,
        -0.055313594567898534,
        -0.8402071651694654,
        0.3070071401565018,
        2.0828326881696024,
        0.2624123720771031,
        0.257266701865336,
        0.35838925763018187,
        -0.0009139865643760728,
        0.9735413931522319,
        0.6163833246894375,
        -0.21402781960972053,
        0.04607350833000287,
        -0.06649375460732519,
        -1.0862854796524033,
        -1.1090475426595736,
        0.15804152574007438,
        0.5535322367527973,
        0.04244594265642472,
        0.8257790268204668,
        1.8974448338098644,
        0.05169823405062303,
        -0.3304081206048711,
        0.3432425795743741,
        0.4320563983899132,
        0.49401468046875335,
        -0.003169425014076583,
        -0.7324203012974368,
        -0.789478387958597,
        -0.8104007214227847,
        -0.5937772029145111,
        -1.1635528289968466,
        -0.15198284569012038,
        -0.0759065127606172,
        -0.2369433176025194,
        0.40196132534977164,
        1.8278111658532092,
        0.06827163418586309,
        -0.5059139325484023,
        -0.18584993587918075,
        -0.09749416123451707,
        0.03188878401004281,
        -0.39275797672898644,
        0.10198910785273259,
        0.5730235719009715,
        0.5794482915305676,
        -0.7966415900355103,
        -1.1009456431596565,
        0.04314427262488652,
        0.08095571613557886,
        -0.10617859303082895,
        0.4350120879682342,
        1.5052899257326953,
        0.049773333174945776,
        -0.5345802849397978,
        -0.14878965825368534,
        -0.004159531983815309,
        0.3109181312428663,
        -0.2347935315118855,
        -0.10395288369723811,
        0.2709926114406562,
        0.3438233212652942
    ],
    [
        0.9834116579765454,
        0.3392262402713694,
        -0.565874275802668,
        0.24716942388931687,
        -0.0008223717820652809,
        -0.2902862549721677,
        0.09271832605918484,
        -0.6520062995808671,
        -1.2115976170056444,
        -0.6891400786829603,
        -0.9050386376540555,
        -0.1208637216817847,
        0.7087566501634099,
        0.6512801680905043,
        1.038278558007328,
        0.3437202699812197,
        0.9606083079130675,
        0.6100858053015381,
        -0.07721047342732176,
        0.20113895041405447,
        0.25781410422362677,
        -0.4935015884327137,
        -0.9811779745072913,
        -1.7427317437938024,
        -2.481285962397333,
        -2.1089679470091087,
        -0.9146153772848756,
        0.873049115119058,
        1.6181198933479142,
        1.1914885339265182,
        1.2917514064326807,
        0.6473191861174837,
        0.7707418527563218,
        1.012783415399949,
        0.21747604754553992,
        0.44874554251363,
        -0.08166491179439277,
        -0.5514535005747133,
        -0.20421502716974022,
        -0.6509468061405753,
        -1.394148103469891,
        -0.6722890371968494,
        -0.5238525050005017,
        -0.1404707243688402,
        -0.0844272021420226,
        -0.2572654858758925,
        1.2811482414292874,
        0.47668597272775776,
        0.7008628727069693,
        0.6037146592940357,
        -0.19607935200169155,
        0.3301595996360758,
        0.35428405562869075,
        -0.28617594734679314,
        0.005255893560586184,
        -0.5010115824968251,
        -2.0641511391487235,
        -1.4856418700760199,
        -0.7812799889338832,
        -0.20558680393018613,
        0.47828355969257463,
        0.7545159831984926,
        0.8952006063908919,
        0.30356595887016424,
        0.7201006519980387,
        0.7321664533142026,
        0.2610884079277905,
        0.9842998085411727,
        0.6549019359126768,
        0.22499932704551776,
        1.1802432328893744,
        0.5766707406064359,
        -2.0394951299771567,
        -2.2787420890761574,
        -1.476956599431641,
        -0.7130383908825918,
        -0.3585814736491303,
        -0.08587575265155653,
        0.9043737345766247,
        0.2004380696007258,
        0.34798764143230737,
        0.2200414598209867,
        -0.25087124566773283,
        0.42422320165068805,
        -0.01565253432462817,
        0.046755413326434556,
        0.814852252479322,
        0.2187462597453282,
        -1.6698199112038608,
        -0.9946000981228531,
        -0.2747097183388829,
        0.1658060573330302,
        0.44514484021300327,
        0.334966742810381,
        0.502183372791441,
        -0.323266775301058,
        0.37307990763520044,
        -0.165426269502891,
        -0.4378167553932198,
        0.18930447669398487,
        -0.06822727417755603,
        -0.2695063126404201,
        0.4401652864642146,
        0.10277359465305906,
        -1.2828193631537175,
        -0.6376389664785616,
        -0.14532232802634792,
        0.10846566788850602,
        0.3742520682711481,
        0.6225652001286709,
        0.7073616595036744,
        0.34572295720721047,
        0.5819644960337753,
        0.08050220351911686,
        -0.15825677637295243,
        0.2858724029366077,
        0.24890156911239314,
        0.22360025521120966,
        0.565103216255461,
        0.07269286952611058,
        -1.5710121396309282,
        -0.9529884399918843,
        -0.1913157361533491,
        -0.2913675102493339,
        -0.20063012539241973,
        0.2587834543874713,
        0.692609625025131,
        0.36178949670577715
    ],
    [
        0.7535476823364974,
        -0.22346164821340736,
        0.5995629914529732,
        -0.2541059084493649,
        -0.4389110532071257,
        0.022400414608239532,
        -0.21441969664384716,
        0.5658329871462477,
        0.04362240972843474,
        0.13175827879221624,
        0.27394091173919416,
        -0.18785175873287585,
        -0.590462259026053,
        -0.6994279583652603,
        -0.8093131180355986,
        1.011625300575321,
        -0.18709187835433524,
        -0.39120581951624894,
        -0.33268638832451025,
        -0.7014542907755117,
        -0.652815357208283,
        0.15116458441757624,
        0.43811569203123074,
        1.420241418853788,
        1.2498165683607616,
        0.8222959623527839,
        0.7762456242892637,
        0.28190897459838615,
        -0.45062608782474123,
        -0.9177025440311487,
        -0.8768263004882222,
        0.15195355805037208,
        0.718106342619881,
        0.7305844475746067,
        1.0213478321976848,
        -0.013494149456038267,
        0.053811334927437525,
        0.4144679674290011,
        -0.5654760867830482,
        0.38452552687024383,
        0.2448627942155056,
        0.3815348964480671,
        1.0269658568987727,
        0.691962157775153,
        -1.0743489373282764,
        -2.091516088091294,
        -1.8561651502522933,
        0.27382275720623045,
        -0.7836915698866418,
        -0.9454852025039335,
        0.13055840059155102,
        -0.19070935791249014,
        -0.6611632280154199,
        0.35986666163176845,
        0.011866318972869517,
        0.03721017400916932,
        0.3140200114124619,
        0.49035085752752433,
        0.8114277907074886,
        0.7411130584749978,
        0.5196051432342028,
        0.07788870615890882,
        -0.34102576095338766,
        -0.05480027361106432,
        -0.4831236741963962,
        0.05948796402427253,
        0.7920826771979024,
        0.2946384488144137,
        -1.0488991651052029,
        0.367118003244656,
        1.1620875229410772,
        0.9219957976902894,
        0.8683815678838948,
        0.5160651619917562,
        0.5973015416815308,
        0.21079213120274262,
        -0.8290123157690552,
        -1.343040249464698,
        -1.2038377731971461,
        -0.7385840646765603,
        -0.5463622398242275,
        0.15726421753069308,
        1.0569195767872075,
        -0.10671247912828974,
        -0.6239471617456981,
        0.9566173272310238,
        0.27570559744407314,
        1.007342466132705,
        0.7603858431153931,
        0.45258861576249987,
        1.377869807704355,
        0.5372316703165858,
        -0.8397005436457259,
        -1.3361803406508552,
        -2.0077383688748136,
        -0.8822628950039992,
        -0.6387395484605065,
        -0.3588131725172401,
        0.3011742665560317,
        -0.4782854428188256,
        -0.5015542629352988,
        0.580962915688115,
        0.29304319060319,
        0.6445460372704639,
        0.5030660895127868,
        0.2614012293425497,
        0.5177511212940752,
        0.7576302505061764,
        0.3409613299628121,
        -0.18247598190270947,
        -0.7878462963388609,
        -0.388233855931602,
        -0.45862994207464713,
        0.07624226209835208,
        0.25160831400767936,
        -0.3173173005264107,
        -0.5171561492882226,
        0.5901890806383637,
        0.15545272655668504,
        0.29308923540756426,
        0.5014425823788958,
        0.2803086281990565,
        0.5214995057014259,
        0.6810262307269317,
        0.2547430558612351,
        -0.24966029981812585,
        -1.021719026477854,
        -0.7894560151047435
    ],
    [
        0.29444694662062637,
        -0.2109763061341049,
        -0.5730730516206283,
        -0.0990308680814483,
        -0.3447611981482705,
        1.2711438118292524,
        0.3290111386839122,
        -0.06205604387950054,
        -0.15777716537285866,
        -1.4391750475174214,
        -1.0156179649131267,
        -0.42919712042025804,
        0.19710104273898824,
        0.13346331919997717,
        0.5909023990506171,
        1.207434938083575,
        0.4104152690842329,
        0.2843173189207608,
        0.9029213839192453,
        0.9551309449991315,
        0.8551344359850086,
        2.2730716700364835,
        1.5891219992328915,
        0.14637840986219133,
        -0.31577523968591037,
        -1.8688907446036285,
        -1.8253510394801251,
        -1.441302124562566,
        -0.9462312665944828,
        -0.9559112482817688,
        -0.5463809439401797,
        0.23429045987555536,
        0.048997477016576134,
        0.3846763258860164,
        0.03178640891554949,
        0.5428410067991901,
        -0.3012918130649369,
        1.3544476454771501,
        0.6492776818752339,
        -0.5630508743029691,
        -0.41359763750290124,
        -1.5670466035523614,
        -0.7616765654874543,
        -0.48179653424836294,
        0.48208028601228425,
        -0.10156958342620802,
        -0.05222923554528447,
        0.2666577022590677,
        -0.2561146289151753,
        -0.5297221358422975,
        -0.6725121065144195,
        0.08114996263859864,
        -0.017495693241202894,
        1.2559187615954166,
        0.3685299239518183,
        -0.5997829848539512,
        -0.2515420258030681,
        -0.555800994784265,
        0.12162664837826724,
        0.15955089244543452,
        0.16043716637303918,
        0.21115555059986793,
        0.13047266682972877,
        0.06210289824649959,
        0.13807427428058847,
        -0.9418926278290649,
        -1.6341611545738757,
        -1.0881922340414962,
        -1.6029530478839742,
        -0.565613871643872,
        -1.078928522412714,
        -1.9228957532753534,
        -0.22896387544218588,
        0.10110837737077537,
        1.1198536384856983,
        2.137118746491718,
        1.6836377882175895,
        1.3643597877597256,
        1.178588377547614,
        1.7064939145275497,
        0.43023244556792956,
        -0.0036017937341464123,
        -0.5804055752605295,
        0.17900076598218645,
        -0.7847301096591461,
        0.5959881578337591,
        0.5390369777097619,
        -1.0957138385501766,
        -0.47588097237473237,
        -0.8240162264536502,
        -0.4370151884712223,
        0.031381112976423424,
        0.9581697753220972,
        0.4651221909151396,
        0.4362453986984011,
        0.4591935968379519,
        -0.1684615299618156,
        0.20921056891029968,
        0.040731801952479725,
        0.23476966609730152,
        -0.3122296767989978,
        0.7745109816753641,
        0.7604126582361342,
        -1.1286691750981483,
        -0.4238205741462081,
        -0.36090451494980574,
        -0.5072086053917342,
        -0.6110738566286102,
        0.1902090718808115,
        0.626742911389815,
        0.5084698700038135,
        -0.0009382899690890305,
        -0.3418984874705944,
        0.351812889366726,
        0.4524784673903954,
        0.3249338339341804,
        -0.3178862345142721,
        0.5502684642397738,
        0.39777583388025184,
        -0.7887956021602167,
        -0.43707604299744185,
        -0.34898789364862703,
        -0.4362213181804406,
        -0.5695209262251358,
        -0.1577836807983602,
        0.4431015478870437,
        0.6907992316486495,
        -0.12363464561778464
    ],
    [
        1.5881678709497058,
        0.30926117187760016,
        0.10664735726903235,
        -0.18421647542133832,
        -0.7729244307220108,
        0.018258639985755703,
        0.5001331173681621,
        -1.1941652564314618,
        -1.798631606907862,
        -1.7446421426737413,
        -2.119898557724936,
        -1.461893200629143,
        0.13996729145598547,
        2.006346808026713,
        2.6019327028514097,
        1.4003292666155704,
        0.6809231693551194,
        -0.7231813218542633,
        -0.6320943475092095,
        -0.8864840801515936,
        -0.7546906992734761,
        -0.5640838220771331,
        -0.5400566513855297,
        -1.5687977210308466,
        -1.6310080306001755,
        -0.7676063339366064,
        -0.5879629561903084,
        -0.18630619806494206,
        0.6875963930410592,
        2.084185202946403,
        2.650401285988322,
        1.9265516457362795,
        0.2618493369891028,
        0.6216625714562004,
        1.1161904651882157,
        0.23587080063476876,
        -0.6523420425230765,
        0.2420830231389928,
        0.9191322821075972,
        -1.119375912392286,
        -1.7102478696228376,
        -1.1689672162956317,
        -1.578797437357792,
        -1.1352056467573988,
        -0.5718096589299981,
        1.1652153740765614,
        2.038267264925725,
        0.26721762287408574,
        -0.04405689107150278,
        -0.15056328262206878,
        0.11057189202878548,
        0.26132877762972967,
        0.04854870044301636,
        0.33932994403922506,
        0.7699118840819058,
        -0.4496881423964407,
        -1.6325278668438086,
        -1.1393553410166801,
        -0.46815349924459676,
        -0.7417413753894294,
        -0.19373327759563105,
        0.9934662306861921,
        1.0912141713715489,
        0.015576665676164583,
        0.2771082854132064,
        0.18166808182446903,
        0.28691795562991557,
        -0.13073229400995431,
        -0.5989817098042481,
        -0.18540290300690598,
        0.6922530160055049,
        -0.9775861709179096,
        -1.3951505228418275,
        -0.6032887940149315,
        -1.4781617685545891,
        -0.9097687557801073,
        -0.14873384856071978,
        1.5708024421304208,
        2.1746891305049116,
        0.7347265039732651,
        0.36732217695516456,
        0.8497629369004401,
        0.7177244317230583,
        0.0002853980887555243,
        -0.6560987660176811,
        0.2619282504944538,
        0.9756672472976928,
        -1.1188957008192857,
        -1.7221691487379407,
        -0.6235770040454023,
        -0.8393892535481018,
        -0.49069214302355685,
        0.009418237083183931,
        0.8702218928343565,
        1.1946753103468601,
        -0.2141903253344784,
        -0.2161430103680644,
        -0.03880246052707536,
        0.25749768468012657,
        0.016831195298198643,
        -0.4064878018351185,
        -0.15379238187417568,
        0.5851012999058566,
        -0.964562490148783,
        -1.345624668107897,
        -0.28951478007727954,
        -0.12080276868685322,
        -0.029452320131032578,
        0.49526021623410865,
        1.3241489096385763,
        0.9228188607466725,
        -0.06833940051919474,
        0.2586287977636431,
        0.11611387389014578,
        0.10867168282857231,
        0.007490903545228472,
        -0.46728331418335955,
        -0.4365713750525181,
        0.481737305006727,
        -0.44845612833814663,
        -1.102074718663688,
        -0.18085147977522953,
        0.04079128977717389,
        0.19674715267075765,
        0.42162640784765687,
        0.6424921354178139,
        0.5135944630686157,
        0.014665380951487108
    ]
]