[
    [
        1.9548508607259656,
        2.039791750820846,
        1.8248673019533825,
        1.1356819693537008,
        0.9015196483276948,
        -0.12771480852314346,
        0.0938144559317018,
        0.5895920778484807,
        -0.2578482521977648,
        -0.5358771672274568,
        -1.2384413956562312,
        -2.279420946318976,
        -2.16585567253808,
        -1.3697948145469525,
        -0.6877180524308958,
        0.726633753158564,
        1.1467876499231189,
        0.9790245853643453,
        1.0336660238221747,
        0.33599088057207815,
        0.5302501454825594,
        -0.4676456187529141,
        -0.16615053107670916,
        0.6097180566394197,
        0.19860379505088754,
        -0.06444472609141919,
        -0.5700352804065218,
        -1.3060901249655723,
        -1.267935948837724,
        -0.7571221146951411,
        -0.7410798659943452,
        0.7159050532428345,
        0.6153284451936555,
        0.49738865610060723,
        0.8948130716732436,
        0.4440569079765483,
        0.035790640089450064,
        -0.6930177100769118,
        -0.5644351706205302,
        -0.02776077397797196,
        -0.3484971736599156,
        -0.35541483608632013,
        -0.9023159635587419,
        -0.74568950545195,
        0.2682455696170495,
        0.3074841308848702,
        0.06773622639042584,
        0.8689213097281501,
        1.1465497888756775,
        1.4266166669195084,
        1.2274801154293875,
        -0.06382332654998787,
        -0.7766939755805217,
        -0.4205292706529804,
        0.5709361031164438,
        0.353230768672388,
        -0.26420640883560814,
        0.2009470149893555,
        -0.009458125955008449,
        -1.3716754468560983,
        -1.7147156204907907,
        -1.1794336065033093,
        -0.022651854498756906,
        1.1512327235222566,
        1.1403679107458624,
        0.9205409796629299,
        1.6797093948277624,
        0.7491133284064112,
        -0.0603309551293277,
        -0.7173880081141455,
        0.2599294063836793,
        0.17998233819298867,
        -0.5940962829087316,
        -0.4507966996782119,
        -0.6019265623298086,
        -1.2263630783512072,
        -1.429499741272752,
        -0.9777917880690833,
        -0.04794966489002439,
        1.5294948665262802,
        0.5198750037494788,
        0.6816515160156438,
        1.562752617068362,
        1.163337395487739,
        0.6944842488099319,
        -0.3945993563301774,
        -0.05070994252626116,
        0.15206046437049506,
        -0.4290311087485493,
        -0.6349003725708832,
        -0.8915197138892259,
        -0.8931420278131428,
        -0.7885052803263033,
        -0.7596563686173309,
        -0.5300477160294511,
        0.5454904571815664,
        0.1037924348837726,
        0.8404658033809804,
        1.2176464149493238,
        0.22309522953911992,
        -0.31165303864275007,
        -0.3031880508774252,
        0.7338354067108073,
        -0.07976752373257863,
        -1.0440626287087644,
        0.08292147527372756,
        0.32769747787552733,
        -0.43035609883650106,
        -1.0865270158901132,
        -1.4955477724812403,
        0.003933266514550539,
        1.1578455094964257,
        -1.0477189574043915,
        0.10879990275578644,
        0.36771454522919245,
        -0.3121791539771239,
        -0.6716368812226415,
        -0.30463871194219266,
        0.6821636607631721,
        0.0782630800175917,
        -0.5138132877386514,
        0.5567964425681424,
        0.8640285539917016,
        0.29802177948315145,
        -0.18157447114510017,
        -0.5853063568100808,
        0.11216766175466843,
        0.413657312693583
    ],
    [
        1.8429843818936165,
        1.8365210035916641,
        0.3293795521630362,
        0.4417887108050794,
        -0.03354160378345163,
        -0.6076824081410741,
        -1.2485544281503103,
        -0.5965558748378575,
        0.7613940342558269,
        0.6098633182161058,
        -0.04284870786128189,
        -0.13373565734375176,
        -0.5688720223936781,
        -1.1086121405067477,
        -0.9220798605284265,
        -0.6841792215569542,
        1.8819086829850613,
        1.110340202541946,
        0.3143283400187569,
        0.07522226240534995,
        -0.4097734332630761,
        -0.7752607033019387,
        -1.1824849497429826,
        -0.7951704172912093,
        0.2905551327222496,
        0.5751907041308287,
        0.07544410296750167,
        -0.08151319812103229,
        -0.38650076129073613,
        -0.637605035478195,
        -0.33794030423609794,
        0.47611814811763203,
        1.4360163678215145,
        1.4744381621746039,
        -0.5453272857741281,
        0.05264140984020255,
        0.7240842331460312,
        0.551561519901643,
        -0.9485243194486636,
        -0.7670377083100018,
        0.40207639675386225,
        0.029057201193742808,
        -0.03279072237141573,
        0.6913685509622933,
        0.5406797505887379,
        -0.589066336602628,
        -1.2527913333556346,
        -1.616211999406053,
        1.156470085564401,
        1.3762383539430807,
        0.27926504203544933,
        0.30819585951269857,
        -0.26126014974793804,
        -0.21117662223368547,
        -0.8715413579784879,
        -0.7050605472054488,
        0.9846082885516347,
        0.8137095709351593,
        0.24132889639558722,
        0.011442833785681315,
        -0.6150326351437747,
        -1.0530810227612237,
        -0.879061009694126,
        -0.7314906254182317,
        1.6583544398611731,
        1.57260687729893,
        0.4963237517219163,
        0.8338387836459772,
        0.24025161331179262,
        0.05815490293426469,
        -0.7323509313371283,
        -0.47589820304068386,
        0.7454703631043363,
        0.019696864205717552,
        -0.5456379553732491,
        -0.19044023928765597,
        -0.6993407466352316,
        -1.0514031987179304,
        -1.0480109451036257,
        -0.8134662714540217,
        1.5747190256804218,
        0.7269920619170123,
        -0.1869750388451451,
        0.30065966328321037,
        -0.14688200092892875,
        -0.3903333455448369,
        -1.166158432306041,
        -0.3736279667420649,
        0.8711022111648771,
        0.4273334800427703,
        0.05204684997742208,
        0.31286270445037717,
        -0.1835766949731809,
        -0.42728321894580873,
        -0.8129473789622697,
        -0.46280644893265044,
        0.6039526314965588,
        0.9452735935411779,
        0.12373398757307595,
        0.4340523160363034,
        -0.38008177971515567,
        -0.6888161674026062,
        -1.0746538520114466,
        -0.402037039571052,
        1.1216833189072086,
        0.4953979897803855,
        0.3064691772295582,
        0.7381741371498053,
        -0.13153955364073497,
        -0.7926960058485283,
        -0.6219346203679011,
        -0.8145297701345792,
        0.16446964023550822,
        0.5387999374388602,
        0.053315368483660155,
        0.37174283007163894,
        -0.2898292456632029,
        -0.6193998725356507,
        -0.6243337429397696,
        -0.1835967711677533,
        1.0272790497279196,
        0.7513265833077489,
        0.5151217364017185,
        0.33870571396747673,
        -0.09720917188289621,
        -1.022846611576917,
        -0.6616054101417175,
        -0.33082625548582817
    ],
    [
        1.5485684894772422,
        -0.19675778417614895,
        -0.6264102483991713,
        -0.11702378006780531,
        0.028045793323018223,
        -1.6779900996149189,
        -2.8280441354240238,
        1.179431447362773,
        1.4374666582661313,
        0.9898825103536206,
        1.1167125698619675,
        -0.2679365211209941,
        -0.8772503828660213,
        -0.11433119164898181,
        -0.6775135774734816,
        0.15155422228232712,
        1.4707100033429565,
        0.17800307149511793,
        -0.4448420904299147,
        0.15203070847316505,
        0.1715083016982604,
        -1.8312883327872689,
        -2.5829543842287497,
        1.3637557631136896,
        1.3261382185926895,
        0.6088838922557264,
        1.1560953531742666,
        0.16861956267851966,
        -0.3845081123397009,
        -0.0035629542064197863,
        -1.2291021965618971,
        -0.8536933241509614,
        0.9138736249478523,
        -0.8261484495451895,
        0.24598359895654504,
        1.0098995363652188,
        0.5723991705012369,
        -0.9802927414148607,
        -2.540828622936845,
        0.34938817683491186,
        0.827327520567991,
        0.07367571798202179,
        0.49262694489502845,
        -0.37063298305003994,
        -1.2185648785957777,
        0.09585493303052374,
        -0.11060282966512712,
        1.0914034992162915,
        1.1229871048417852,
        0.3014253377280432,
        -0.20158677605105665,
        0.062255553366906934,
        -0.21722011820903891,
        -1.7267193403878265,
        -2.466711725854916,
        1.2634410066618715,
        1.5635691748361054,
        1.0100008973525987,
        1.1407827200938343,
        0.012162942261717966,
        -0.7039590159138766,
        -0.44615496484820255,
        -0.9439541075517967,
        -0.43655890455128443,
        1.6462580241063673,
        0.5067384040735307,
        -0.11759419341518473,
        0.4471945899778681,
        0.08763878427508345,
        -2.0325980595842954,
        -2.584749238978582,
        1.1207728727860895,
        1.0707949932568661,
        0.5672324190156005,
        1.2568525508108788,
        0.36540618983675893,
        -0.0761206509271768,
        -0.26722004804919725,
        -1.532463462419556,
        -0.8134715624268825,
        1.2250852335394784,
        -0.2606016540553912,
        -0.5236382902729046,
        0.039195255034266886,
        0.07464016511438892,
        -2.071874241649895,
        -2.583434489148412,
        1.2020572842891502,
        1.1959689711296155,
        0.7406772619652044,
        1.5452242989676113,
        0.449793399450125,
        -0.080472143480412,
        0.16070326790248982,
        -1.048836938671246,
        -0.6478245061025788,
        0.9292572465033647,
        0.14746083716635489,
        0.125239233747269,
        0.22255943455378696,
        0.13955245437278166,
        -1.5722558677450766,
        -2.0593254585481966,
        1.004460220556744,
        1.0515584505981757,
        0.3407999903255139,
        0.6143144062186725,
        0.5729979909862921,
        0.4276100204136206,
        -0.2285657182777089,
        -1.3469791662806598,
        -0.4677218835841792,
        0.3947112135212236,
        -0.1785119683169633,
        0.1925759920756599,
        0.3264980015026977,
        0.07683314209971985,
        -1.2496000434200036,
        -1.488729844981679,
        0.8761168073640422,
        0.991625838580685,
        0.6503816909804869,
        0.7217184226729976,
        0.35786338603461043,
        0.06818882098543844,
        -0.2572276017327618,
        -1.1874809811733513,
        -0.2749004220491114
    ],
    [
        1.28262883649753,
        1.0487995585086027,
        0.05985728596966256,
        -0.394824124520304,
        -0.08130517212647198,
        0.000915464411889978,
        0.26362564512641146,
        -0.0011659408425488914,
        -0.3829415122599551,
        -0.25494527963938735,
        -0.9767534093876834,
        -2.8717136505446454,
        -1.9812992490778292,
        2.440152199365204,
        1.8946502781800585,
        0.9500014146476393,
        0.9541639008569041,
        1.083748578009442,
        -0.09820725890779748,
        -0.2940703481736518,
        0.2520125773936146,
        0.4220017546488676,
        0.7921204564511404,
        0.18964450821633133,
        -0.5546237628727103,
        -0.6662547404042763,
        -1.1603687428894613,
        -2.651295860889111,
        -1.8724045632283928,
        2.1926259887127744,
        1.5594917970117932,
        0.5503757376697618,
        0.17697790439590816,
        -0.09795754708414048,
        -0.33983117700365656,
        -0.46798532492616157,
        0.41210339255155415,
        0.6826020730638604,
        0.5553906638657959,
        0.2937594467279944,
        -0.521654262674414,
        -0.32194348312360366,
        -0.8562337194066822,
        -3.143219508171768,
        -1.6637470955173903,
        2.698535402131402,
        2.1364398196144454,
        1.0527468781500393,
        0.841838303314173,
        1.0768521926803907,
        0.2800656792384697,
        -0.3609221481962051,
        0.08004832515301831,
        -0.10709515276487538,
        0.05000047072496837,
        0.0072212309861739805,
        -0.273003486807716,
        -0.05211326162012164,
        -0.8940232671778368,
        -2.3588234291922605,
        -1.7537602506574732,
        1.7040718922660252,
        1.5517900570714889,
        0.6207818259117229,
        1.062321261413324,
        1.220029079177225,
        0.2924924458472019,
        -0.2085368321312115,
        0.4095123236354451,
        0.16789357461850066,
        0.2089199676175646,
        -0.024561679747039263,
        -0.42413058184771746,
        -0.5438669354599677,
        -1.5330308178188363,
        -2.4889526240509365,
        -1.440472851098352,
        2.0188066807115734,
        1.614481132450878,
        0.217881888333655,
        0.7186953134629718,
        0.5966659995038587,
        -0.3097758340030092,
        -0.5924721303704666,
        0.11486775607198381,
        0.26639746105547324,
        0.47139336574752916,
        0.07693656035205873,
        -0.3624402256060598,
        -0.5690364032592041,
        -1.349437865608325,
        -2.425316610057829,
        -0.97360458768801,
        2.714117505398358,
        1.9151565199580454,
        0.23519520586127926,
        0.5197975086183779,
        0.7736726744674342,
        0.2329297163105806,
        -0.07782208181328294,
        0.35943689016971264,
        0.12126145646574937,
        0.07886531470671547,
        0.0522740863290967,
        -0.4649478586097818,
        -0.6736042458411243,
        -0.9995674992003155,
        -1.692650232255809,
        -1.0754673233516157,
        1.5774609382437863,
        1.2547288795550462,
        0.15331208994137177,
        0.15239516036416575,
        0.5297723545590188,
        0.48871992688163207,
        0.021070078629512212,
        0.26151248729177695,
        0.37927378843375625,
        0.4942850260263912,
        0.40958566058893564,
        -0.4023773346999749,
        -0.7825724191359342,
        -0.5520156184719704,
        -1.386914486597629,
        -1.3830073907075728,
        0.4947825411102359,
        0.6350312557862092,
        0.1792002427389534
    ],
    [
        1.61256423650592,
        1.1351121424833839,
        0.49676814024303245,
        -0.014458895280422282,
        -0.21163686050791436,
        0.0567202363146219,
        -0.12321201609554398,
        -0.026134458040120837,
        -0.6500723361742967,
        -1.038241073708399,
        -0.7562465242170336,
        -0.4884657316362932,
        0.25787443076060174,
        0.5058817587088317,
        -0.20808625977465015,
        0.29810610543311866,
        1.2373348377438187,
        0.7519856606046758,
        0.2791177153449391,
        0.22922745966105906,
        0.22228717604853687,
        0.3237421009406588,
        0.3842535553823174,
        -0.08631907620307361,
        -0.769002380198306,
        -0.8960811241373945,
        -0.5705505082669952,
        -0.3955373118945106,
        0.07516747230141198,
        0.530501055774194,
        -0.23416732422433395,
        -0.2878670899583572,
        1.7173458257816903,
        0.7019010165387258,
        -0.16718760644077643,
        0.21883674248004376,
        -0.12325185999394202,
        -0.29359607546260064,
        0.43293871071758727,
        0.22050323103306554,
        -0.46819536521623945,
        -0.3796421190392886,
        -0.5063783087908488,
        -1.1154343872626786,
        0.14963057255981277,
        0.31225794454320893,
        -0.1801002280360121,
        0.12385236509521534,
        1.2881322971684033,
        1.0976404240428486,
        0.7840023722859175,
        0.5349345161761556,
        -0.12105060470157336,
        0.3025612828831762,
        0.15690838828589518,
        -0.18994764730171,
        -0.7446104351629785,
        -0.7585101473608508,
        -0.38650574168376806,
        -0.5724894651859436,
        -0.02450759797761783,
        0.037665427041269225,
        -0.7231405768184598,
        -0.26635764696491865,
        1.0440637146094596,
        0.01371682760475617,
        0.5635303309827194,
        0.804735481998373,
        0.20870203487184605,
        0.2779990222697276,
        -0.03078101212152435,
        -0.5213788517356466,
        -0.9240793279032962,
        -0.6882442335198797,
        -0.4000713309623604,
        -0.2993973078859197,
        0.2630564965075583,
        0.38551766858954056,
        -0.28130999755773134,
        0.11474150014377764,
        1.1059355339982015,
        0.41071687808195373,
        0.5063621821749437,
        0.700081271761513,
        0.2587281969552196,
        0.15738052049359158,
        -0.23366557189370696,
        -0.6704763386652463,
        -1.1882852605417673,
        -0.6501495624922039,
        -0.37674256881447454,
        -0.19579091425434642,
        0.5268562474636348,
        0.5288283675677831,
        -0.030594907189856625,
        -0.06674697938453486,
        0.8435591272637442,
        0.42631153054494786,
        0.7778817508421585,
        0.702607086902306,
        -0.08396050461251955,
        0.032459867033897465,
        0.034570793114780445,
        -0.3217883615511953,
        -0.9982133278687856,
        -0.8509544016786452,
        -0.018320143506270706,
        0.2308759640238787,
        -0.06105763149889866,
        -0.30401088901833323,
        -0.2877916562548023,
        0.12451535526068919,
        0.31294454172012465,
        0.39433783083732554,
        0.8366248356924574,
        0.34938422106938927,
        -0.31704905008918527,
        -0.3906218338499541,
        -0.14584900829243627,
        0.27757549428412676,
        -0.13534910052821333,
        -0.6732573231822406,
        0.09320019236569782,
        0.4870818848533631,
        -0.2536066870839708,
        -0.5413956313565083,
        -0.5620570190807676,
        0.021133503861535247
    ],
    [
        -0.06372271497131912,
        1.2290354031002508,
        -0.6320889799770375,
        -0.7340381825310178,
        0.4033834680634206,
        0.325057455100444,
        -0.010324025955895903,
        0.320034324738583,
        -0.16192116582019245,
        0.05732853726389661,
        1.53499123597469,
        0.39041646408913194,
        -0.8150062286221789,
        -1.062495964119454,
        -0.28987393985056364,
        -0.585256286760372,
        -0.32405587564641575,
        -0.16290612872560634,
        -1.2118640338855478,
        -0.7999399215935136,
        -0.041754504932843,
        -0.06777734259195584,
        -0.20263133133512642,
        -0.05350825621171242,
        -0.14852451947896367,
        0.2042186448721646,
        1.7501913610925879,
        1.0952330396450143,
        -0.08768509887123105,
        0.11474170690217192,
        0.18263933126323523,
        0.13427578675787688,
        0.2624576942976729,
        1.1403910224500047,
        -0.12569950252222947,
        0.09414426835528238,
        0.4084254587328261,
        0.40293386604112236,
        -0.14771208011761897,
        0.24753027249098916,
        0.12360243547532844,
        0.24562536082483608,
        1.3482966675528103,
        0.2828194813378801,
        -0.6417648222721476,
        -1.4367548382780442,
        -1.2516868741005254,
        -0.8016803222276992,
        0.039778980346297635,
        0.2931822050177173,
        -0.21114977659288867,
        -0.3663299876931897,
        -0.030982033657779164,
        0.009523445688530125,
        -0.07712481466379048,
        0.09488564813280653,
        -0.11140176798263753,
        -0.08018795893665147,
        0.4562528594250166,
        0.30247831476006554,
        -0.05688387047228576,
        -0.14150826402001931,
        0.10245800580599472,
        -0.0820168067988285,
        1.1712833065895356,
        1.6868313063163651,
        -0.5424373210585697,
        -0.9941902969670506,
        0.5608919174947629,
        0.4625060736038838,
        0.353407672872099,
        0.8256191544468495,
        -0.023325275075283917,
        0.04346386409701777,
        1.532683565108955,
        0.1286151339135469,
        -1.6973434208113474,
        -2.004121624883996,
        -0.6884295334190498,
        -0.5524333421220327,
        -0.117271975547476,
        0.9294723589507866,
        -1.1145711490354042,
        -1.1352617271278773,
        0.36801242775075166,
        0.15956647212389669,
        0.13465145014171506,
        0.7843809122002288,
        -0.12139089654429944,
        -0.13933405747712954,
        1.5760682783096769,
        0.6455205453428632,
        -0.1885740943427768,
        -0.4766481060834439,
        -0.26705145840895533,
        -0.934299076667522,
        0.8741637942136053,
        1.3133562579528897,
        -1.257263250780451,
        -2.142254716856468,
        -0.6466284160578982,
        -0.12636790402258058,
        0.1434990623261858,
        0.35045411556872214,
        -0.17452213826079763,
        -0.22863388122002865,
        1.2362977821371275,
        0.9738196163972865,
        0.10627427562932412,
        -0.5169280233175763,
        0.06785694698956288,
        -0.05550536131144531,
        0.9758483464786315,
        1.7354390984050962,
        0.10978725460459755,
        -0.5859459376985662,
        -0.33951602305084927,
        -0.4367495691867456,
        -0.12169557798896108,
        0.13619317724931282,
        -0.36272183196045826,
        -0.58477448081339,
        0.36299057545626473,
        0.8020796999470696,
        0.2672591654629409,
        -0.9558372458294098,
        -0.6831395885538294,
        -0.405468192148305
    ],
    [
        0.8682737912986794,
        -0.1525734670828402,
        -0.9046533415511226,
        -1.1862506850501362,
        -0.8781037824874545,
        -0.33630321706489785,
        -0.1268173812776206,
        -2.2107462317791304,
        0.7916599090674025,
        3.46618478029842,
        1.3463367488568765,
        -0.5395032620934042,
        0.1776901980387906,
        0.10892154231872078,
        -0.27154201064717043,
        0.027088811389956155,
        0.10504651146507472,
        -0.5486927672549718,
        -0.6920030628497662,
        -0.531130821501279,
        -0.08448880292800402,
        0.34422263191386376,
        0.21573671236374548,
        -1.8094616575726794,
        0.5061317083916959,
        2.7419406872197225,
        0.9584957262050673,
        -0.35250587921073323,
        0.3780135258115207,
        -0.1243765185115992,
        -0.6288411015995161,
        -0.080738980754972,
        -0.3614089701503512,
        -0.11634006263973283,
        -0.3395570116696638,
        -0.2537971347601271,
        0.7857007045911976,
        0.988397735559322,
        0.5096798615056287,
        -2.2860422494306314,
        -0.30160882076486,
        2.8930493596057305,
        1.407251692542223,
        -0.14053554320719217,
        0.3631574778638093,
        0.015825793096177567,
        -1.1148884830142138,
        -1.4958588828130612,
        0.26317071927012514,
        -0.1549989104429098,
        -0.1888499348316058,
        -0.2920664264517781,
        -0.08877815896667446,
        -0.020029311468114517,
        -0.02536790044940347,
        -0.7704245624730196,
        0.29306324155975977,
        1.1037190423835748,
        0.36924766337103615,
        -0.2793528516372439,
        -0.12617319100590305,
        -0.002621372911462315,
        -0.05263348358065519,
        0.39907893263891464,
        1.1596702695529493,
        0.1499024915459508,
        0.07334592159151744,
        -0.7170639521548678,
        -0.5652181768789476,
        -0.23006938844230762,
        -0.40195719122009904,
        -2.584930737381938,
        0.18331704978053853,
        2.5594346328869886,
        0.7606020392111982,
        -0.8398024850395077,
        -0.3601823442662629,
        0.1340153454974826,
        -0.03711258690495632,
        0.9908576449147826,
        0.34457781892731665,
        -0.4425503068021411,
        -0.05003945604807268,
        -0.941974458722346,
        -0.7552578281834557,
        -0.1944791007374808,
        -0.3296095977778801,
        -2.593094990954563,
        0.15481969574752352,
        2.635062626778406,
        0.9397499598693129,
        -0.2624105728948182,
        0.39354149623506957,
        0.790997523645638,
        0.0022589939526874324,
        0.45604586396298386,
        0.9400138268837113,
        -0.19379628925540704,
        0.14841767757874944,
        -0.6124384965323147,
        -0.23693868991838243,
        -0.14151375227894536,
        -0.5440362904966576,
        -2.2521147341692664,
        0.4382484034753975,
        2.897807533936404,
        1.1074601943140512,
        -0.971306282199125,
        -1.0667685724587133,
        -0.5744612609632308,
        -0.0362364920677692,
        1.5394042826925238,
        0.6436575058443277,
        0.03760558222818772,
        0.4165127016717049,
        0.1005601198545214,
        0.535868187715023,
        0.596174954496335,
        -0.24955707863136814,
        -1.8313572109563243,
        0.0864508580156623,
        1.905363415224195,
        0.9457952354479995,
        -0.9407394204207336,
        -1.530259351621563,
        -1.2839789297142556,
        -0.6988101882763342,
        0.9491893470486346
    ],
    [
        -0.49856992544741086,
        0.5698856774782555,
        -0.3544390985775162,
        -0.22453925534863609,
        -0.804967642036587,
        0.2752179848872166,
        0.15668629641773568,
        -0.07019851508730385,
        0.09191965522488414,
        -0.1892514170534901,
        -0.5147973133621584,
        -0.5959312435105248,
        -0.24339101660120802,
        0.9932772720702076,
        1.2337181871997922,
        -0.11889564095033497,
        -0.24595775794684416,
        0.7860835884271856,
        0.29246093490645586,
        0.4866608402746947,
        0.05174008715072379,
        0.6444159888171347,
        0.38089168128805173,
        -0.05380895581319652,
        0.016761474073281105,
        -0.3908334016572825,
        -0.5780102050141418,
        -0.8271952546597993,
        -0.5819270263669294,
        0.11391463623642188,
        0.21715425666251978,
        -0.8022253285243337,
        -1.29136983586183,
        -0.027302278309409362,
        0.33371972428230273,
        1.034306996377693,
        -0.46613532725111523,
        -0.3830230463104029,
        0.36787702572273767,
        0.07601458366658662,
        -0.11136317664380609,
        -0.5895126509821842,
        -0.39690850196276733,
        -0.09180983886714716,
        0.12144458676414664,
        0.41465943612786177,
        1.0547567176772275,
        -0.22640967609226115,
        -0.14022671693374042,
        0.16345009032874747,
        -0.13671408080286546,
        -0.1151238584381147,
        -0.2088111478143454,
        0.16261435386631487,
        0.15075949177821996,
        0.030066289705584514,
        0.060504654301519425,
        -0.0652602581657247,
        -0.18069331784036016,
        -0.10229373239657444,
        -0.06150978472412553,
        0.15937179074928795,
        0.3429999678962652,
        -0.015456292504311592,
        0.3767997631729617,
        2.4305791102570433,
        1.0076411680870607,
        1.0405112873369684,
        -0.05936116816141685,
        0.5291769646498445,
        0.25954008638966236,
        0.15973805380987366,
        -0.10501569870190708,
        -0.7914552872411529,
        -0.8965330849944325,
        -0.9837692799574846,
        -0.7497862506244537,
        -0.5270800277086746,
        -0.1601091901064328,
        -1.755028293812188,
        -0.363957133559586,
        0.7727456704576406,
        -0.20625732366581098,
        0.25665849660505596,
        -0.6569763633128366,
        -0.2706412102755856,
        -0.3888569503642324,
        -0.014587766038378245,
        0.2134205001012682,
        -0.20338610208371258,
        -0.012664269628404796,
        -0.20805793795997068,
        0.03806663184740742,
        0.9298781674331303,
        0.6481440813524607,
        -0.7163680054753744,
        0.2970083578534394,
        1.6270738624038763,
        0.6353728465428765,
        0.15177357354339982,
        -0.5350745229188196,
        0.5275167740401774,
        0.22746384794833516,
        -0.15173848348444452,
        -0.051059507876045636,
        -0.3815715408555813,
        -0.5790414319547178,
        -0.6024207460725167,
        -0.3904201444738821,
        -0.2569128001861865,
        -0.11737717683912445,
        -0.6770529727967963,
        -0.2385329803063205,
        1.001245559681357,
        0.526985744852084,
        -0.1519731721344165,
        -0.282636581020226,
        1.154953134110081,
        1.2150062947536744,
        0.26421451479517927,
        0.04001588355029334,
        -0.011816734818022938,
        -0.18934506331682494,
        -0.6532211327914297,
        -0.6530356835294797,
        -0.46659679035203694,
        -0.8198112753339288,
        -1.0252618993723035
    ],
    [
        0.4373723610635828,
        0.7652023263146998,
        1.3329415556646709,
        0.21696331904903687,
        -0.8281742446100921,
        -0.6851779933877927,
        0.7177950965317788,
        0.2508232429483157,
        -0.522721696309652,
        -0.12374281091719261,
        0.12862171520150548,
        -0.22202143336351843,
        -0.17633953195795432,
        -0.3023777405057508,
        -0.5959000000898553,
        -0.29213091606369285,
        -0.7044819285801938,
        -0.36340416200870373,
        0.3850032851609718,
        -0.12215143424970984,
        -0.36747937744047493,
        -0.3444716848430471,
        0.8045422151748862,
        0.9145368409797333,
        -0.056101742740031955,
        0.45433206039509283,
        0.6046483005447404,
        0.27684961724114737,
        0.4400704145438102,
        0.11855624923749125,
        -0.5278468243987057,
        -0.42726622050209895,
        1.4545530594892246,
        1.9387108191292644,
        2.4601089221096135,
        1.0612729354895436,
        -0.5508682354264961,
        0.015893909522583786,
        2.0789258141316456,
        1.4826608513846309,
        0.08000373002905938,
        -1.430578757988605,
        -1.8508361523492434,
        -1.9092167853261914,
        -1.73476967802584,
        -1.903988821176748,
        -1.4805311607047915,
        -0.3442478482264993,
        -0.11525955157583057,
        -0.06462378630292209,
        0.04774393879735257,
        -0.048974693742995616,
        -0.16550622998417522,
        0.0027193970455893102,
        0.526510823122501,
        0.21403119289201497,
        -0.07075645581420233,
        0.20613224314231582,
        0.19582638343828693,
        0.05135530762935679,
        0.007270158473607094,
        -0.13699621045358631,
        -0.3186186738141383,
        -0.19516807291968435,
        0.09458530874432294,
        -0.1835726334228671,
        -0.2784702139211951,
        -0.656387896042231,
        -1.168946421599827,
        -0.7021881447204863,
        1.0997925268261735,
        0.44057539776210214,
        -0.4353454629347207,
        0.40541293094875297,
        0.7993151466940416,
        0.49291813438187765,
        0.8506635087918737,
        0.3321978658775272,
        -0.5868803425702116,
        -0.36780278637132807,
        -0.3613743331547848,
        -0.1333811244204472,
        -0.3616054943210318,
        -0.22358380754972534,
        -0.7532058818454616,
        -0.43451329502498093,
        1.4688195728525455,
        0.30844186116702393,
        -0.5651802476895473,
        0.27720731812499866,
        0.7841210146954292,
        0.21044801817683656,
        0.8528564669206263,
        0.7412962999244973,
        -0.4324373313744931,
        -1.0364038981068149,
        -0.5681005978977604,
        -0.20463522412682922,
        -0.13795302611121044,
        0.3336640985188581,
        -0.30966403530284825,
        -0.055247214407540705,
        1.4047266535201564,
        0.461298508698564,
        -0.20173244842661942,
        0.6049801420688616,
        0.9240959932697056,
        0.4590675451507072,
        0.44214895291390705,
        -0.38577802644200004,
        -1.0807038165134863,
        -1.3917312421554142,
        -0.2926929361804694,
        -0.523866901878029,
        -0.0012078260659750162,
        0.8096453857432142,
        0.09139239037937591,
        -0.019488145989425536,
        0.5148059227746075,
        -0.22897462414140066,
        -0.3827192457728748,
        0.3765010669613689,
        0.32022835700195706,
        0.13702466333265922,
        0.3013849968943204,
        -0.03199664665281574,
        -0.4952375551463025,
        -0.4840253037465242
    ],
    [
        0.9228820385613321,
        2.263963119129228,
        1.006117189623812,
        0.12311010967894355,
        -0.7155728885994176,
        -0.8816472902391407,
        -1.2584902278406227,
        -1.3571698911417502,
        -1.4593909621358354,
        0.03671364221532198,
        1.2789424232507611,
        0.9425100654938261,
        0.11395288562034153,
        0.20350583136580094,
        -0.6813757569292289,
        -0.31065348278637167,
        0.3448543724305955,
        0.8788843357308214,
        0.2877730873920332,
        -0.06660195641051615,
        -0.0855416880804995,
        -0.5651452807375541,
        -0.9965452239474346,
        -1.9769569001122638,
        -1.6670410880233852,
        0.0020170147266008413,
        1.5086637646607777,
        1.1891853356545705,
        0.4857995549843987,
        0.5059344613234024,
        0.041120175489289396,
        0.5235895302237045,
        0.6308679326421783,
        1.7277481216273327,
        1.146052436899665,
        0.16910731355078693,
        -0.7268572519862934,
        -0.7453623617229663,
        -0.8764294794272622,
        -1.4076992010560319,
        -1.7810177348327216,
        -0.3275861878837625,
        0.6545827516449443,
        0.8400345756591091,
        0.6480557058825998,
        0.6734371164402027,
        -0.752348455574965,
        -0.18495466896742244,
        0.16956063121218123,
        0.5080853684231803,
        0.09438437730062639,
        -0.027554602907234212,
        -0.19773064123912318,
        -0.22453434056572605,
        -0.25231421786042163,
        -0.4553129382307583,
        -0.44976867518301894,
        0.008163603022677095,
        0.4136545166788142,
        0.42197652310483746,
        0.09776189594688943,
        0.040837194374467055,
        -0.22423321683660719,
        -0.16691004886793961,
        0.6881159857082954,
        2.1541313386058003,
        0.6801240137336848,
        0.055052998890281764,
        -0.5346302810119452,
        -0.8511699867348166,
        -0.5628111086472146,
        -0.6907880389727611,
        -0.8642133329269588,
        0.3589759244704071,
        1.1190306228108786,
        0.6219219741442986,
        -0.14354477499576143,
        -0.5554962453209293,
        -1.072092327648482,
        -0.6067361929892807,
        0.2533927548644983,
        1.5785911314475127,
        0.8459668418729214,
        0.039890577036848306,
        -0.6234637802017515,
        -0.7513622653378247,
        -0.8966384984765893,
        -1.172664035055401,
        -1.0772859715356038,
        0.12121598159888515,
        0.9271683017496375,
        1.0210317757376752,
        0.6846043544415863,
        0.2401735900456911,
        -0.8681657263558197,
        -0.41153295369953563,
        0.03301418102491977,
        1.8296804272941996,
        0.606914979228056,
        -0.639007002833864,
        -0.8321334101705706,
        -0.58477628722502,
        -0.6012247504589471,
        -1.0895604197821789,
        -1.0474231079784146,
        0.09839392979802226,
        1.040416956564532,
        1.2468779211428105,
        0.4869359571052507,
        0.0077504938610496645,
        -0.5749228989923292,
        -0.34967883972725194,
        -0.1599797393042203,
        0.9303103367008951,
        0.35541066465316495,
        -0.7588935649204768,
        -0.6813996479918004,
        -0.19121378680440262,
        0.05676523640761987,
        -0.41616398109656744,
        -0.5554470725172383,
        -0.04784928705547371,
        0.3317551288012007,
        0.6034798068901664,
        0.31428873028160614,
        0.11892498327519521,
        -0.2167363625010104,
        0.12989697678885154
    ],
    [
        0.4065876697736626,
        -0.16142719176139478,
        -1.5706655578933453,
        -0.8234344068305073,
        -0.38316126250555876,
        -0.6947119775613478,
        -1.0120191007468051,
        -0.4600078148853547,
        0.9832743273493779,
        1.581374188661511,
        1.9265897726905346,
        1.315086260907132,
        -0.5008058024160376,
        -0.18840149187859187,
        0.452296923974625,
        -0.6162034652031757,
        -0.24679470696172398,
        -0.5830736099870353,
        -1.3011091375098134,
        -0.9373256233943236,
        -0.6710949046004233,
        -0.9524604671810943,
        -1.3220395050259897,
        -0.6087005485119614,
        0.8467337591933892,
        1.693963606317897,
        1.8793284432217927,
        1.4265248259090384,
        0.7623545230742708,
        0.5384140263296007,
        0.30155994306097617,
        -0.43757605375034386,
        0.4828902368621473,
        -0.20620781699108628,
        -0.9448342002981082,
        -0.7367120496929499,
        -0.28352987070846347,
        -0.45907136615985183,
        -0.8507097333672486,
        -0.527828679054041,
        0.8560241561460321,
        1.893428725104721,
        1.7674030389526716,
        0.5911150568351526,
        -0.4680214887571699,
        -0.14223181447502947,
        0.029607201107822667,
        -0.5135598935277905,
        0.29402483476250557,
        -0.049589089915863825,
        -0.408600423782984,
        -0.5324404523158458,
        -0.49301572862759535,
        -0.5760215505706794,
        -0.7945949608430872,
        -0.2779401390794925,
        0.46852840320038336,
        0.548846693230391,
        0.839577888855228,
        0.5162996298208192,
        0.11388027462043178,
        0.3003937321706557,
        0.19409287167515568,
        -0.05322975779929441,
        0.4217345698890565,
        1.174818826772485,
        0.11996456438413322,
        0.7304634462883901,
        1.2582793702120652,
        0.7499411290867215,
        -0.7375595848868742,
        -0.40642389276577695,
        0.4418139385298286,
        0.6336620538897537,
        1.103408116907995,
        -0.023319618628306903,
        -1.2034663507866097,
        -0.8925678427582701,
        -1.1755129354925493,
        -1.740560186961905,
        1.0836960792062182,
        0.40654543045613234,
        -0.4458651039696067,
        0.5654750415216044,
        1.0241792946410533,
        -0.03300814137597712,
        -0.8458314494655577,
        -0.5370275393831782,
        -0.14282935560680987,
        0.5831327097378073,
        0.7882994094942752,
        -0.30300552296762845,
        -0.714060375369534,
        -0.268758578166401,
        -0.14582532665334288,
        -0.6183723540872935,
        1.042848833509235,
        1.2722920369918937,
        0.2890424705330178,
        1.22859673025278,
        2.018427473402595,
        1.3087439416956308,
        -0.22816480706877645,
        -0.480658313975566,
        -0.43703055216725106,
        -0.22200131474609877,
        -0.058797074958235516,
        -0.7502524011698235,
        -0.9545043584173442,
        -1.0489231991919241,
        -1.320781654893749,
        -1.333341112525237,
        0.7011721247670744,
        0.7680499138927845,
        0.3054917752360445,
        0.8216568473911984,
        1.3135932003305528,
        0.7868494107183017,
        -0.3631281759854106,
        -0.5215331299064486,
        -0.538872465384003,
        -0.3987872120640257,
        -0.21726707688382557,
        -0.49774860295231377,
        -0.4837744661955358,
        -0.49641475247574807,
        -0.5311735188565953,
        -0.44206675134994083
    ],
    [
        -0.12370396505839537,
        0.09200352719379122,
        -1.0970370767387656,
        -1.5452392007973506,
        -0.5762335812085225,
        0.1566472133536777,
        0.6855270923553045,
        0.7506804242879227,
        0.4764033171580893,
        0.35714165067972775,
        0.6361752782945981,
        0.3491637881921486,
        -0.28681625294668756,
        -0.06373277426854047,
        0.5273566876653731,
        -0.34553111243086,
        -0.38087950531127257,
        0.15997803165817706,
        -0.3297599065605024,
        -0.4873012909842613,
        0.06412835268174798,
        0.5464852469830684,
        1.0512886026803827,
        0.9771915583064716,
        0.4888806984509289,
        0.7776162106586534,
        0.7407792015480491,
        0.070606313959226,
        -0.48960093447523245,
        -0.6410507505451479,
        -0.6875495351723556,
        -0.7841610657077926,
        -0.6955597800840925,
        -0.09317327954562163,
        -0.291171037828013,
        -0.7563606122150127,
        -0.46089891485977724,
        0.16635851086517423,
        0.7165281000235069,
        0.10882077206985918,
        0.22284377458710156,
        1.1546057248702821,
        1.2726628141759413,
        0.522394629693688,
        -0.11561587896206377,
        -0.42763485768403176,
        -0.45419240438299435,
        -0.6319363584590214,
        -0.11816389901085088,
        -0.03366202982547391,
        -0.5465934788828026,
        -0.8324661223592759,
        -0.6112099770565329,
        -0.41588430639682683,
        -0.04235164832788684,
        0.3943852751396613,
        0.2936495618965787,
        0.5889423755762707,
        0.6754839121687649,
        0.46669238745732267,
        0.10020233894943813,
        0.1236700810059304,
        0.3046820573249021,
        -0.08393137358073241,
        -0.1846430760355758,
        -0.01306175410691988,
        -0.9165130060879466,
        -0.6206943001778363,
        -0.03755761625050098,
        0.17410979011543282,
        0.6056835544781412,
        0.6708149576581363,
        0.36020046769111974,
        1.0093588596545797,
        0.33613591824473127,
        -0.17792229534602724,
        -0.40009014735822707,
        -0.19142333310264328,
        0.04588875162623464,
        -0.5383122927496954,
        -0.3873839750592673,
        0.4860052193869519,
        -0.3564265769550422,
        -0.15056948284969662,
        1.2924422808004064,
        1.5529418201131182,
        1.2092535156641082,
        0.41883061770322627,
        -0.16574897684729267,
        0.14280303030252242,
        0.2537676928265029,
        -0.11248384602401053,
        -0.9443206785506171,
        -1.2214336406833979,
        -0.8985201520060966,
        -1.0901262635459115,
        0.03490714695160601,
        0.43215792894434274,
        -0.30863323190228326,
        -0.16506249404241258,
        0.5530737285212621,
        0.8670685061379868,
        1.128725695700932,
        0.9114767832105632,
        0.30743648937670287,
        0.1812020526336937,
        0.11681401848220763,
        -0.41808399317784434,
        -0.974673469876006,
        -1.0473871779916792,
        -0.4506731607796996,
        -0.9367882724118723,
        -0.043163512705107036,
        -0.05405748581640247,
        -0.24894539994852571,
        -0.1533928355095863,
        0.1470376662671818,
        -0.014924305558913031,
        0.17364466850998098,
        0.25025343127311156,
        -0.07610421165116982,
        0.06952154218024072,
        0.2912530483258517,
        0.12870592259263233,
        -0.24363939993070843,
        -0.26915912908219786,
        0.15696819448923557,
        -0.09963758766883038
    ],
    [
        -0.933462106706535,
        -0.05765943173185914,
        -0.46780927054726307,
        -0.6205673289653327,
        -1.4800825290902484,
        0.6638488100464739,
        1.0866790218773816,
        -0.9260856105646118,
        0.7356776799355881,
        0.8620041198931107,
        0.5911217817203126,
        -0.0026467734834735046,
        0.5982884673334484,
        0.5036289711848414,
        0.12521741005884085,
        -0.9906036579028954,
        0.08360416855308724,
        -0.2696099185932046,
        -0.3689244452436008,
        -0.471857736794044,
        -1.1641646125167588,
        -0.25197782378491157,
        0.3666104182828932,
        -0.9430513461047192,
        0.16604340134432638,
        0.14097407531805542,
        0.23383835278001053,
        0.31747731230265513,
        0.6107645279481779,
        0.5866819431646407,
        0.3081476251185963,
        0.3851971862145521,
        -0.6838186498686148,
        0.0453868438909404,
        -0.19609968655631266,
        -0.0448871288710286,
        -0.987616510721851,
        0.35809665136533314,
        1.2170873062914733,
        -0.9088829064977344,
        -0.14670089637431621,
        0.5314828978396636,
        0.6556582894469786,
        0.25652434114127426,
        0.7160309403123507,
        0.1824958933251767,
        -0.157048399041974,
        -0.8207608281169018,
        0.018036125034186466,
        0.033710133791033464,
        0.031507913434753426,
        -0.034355019248712156,
        -0.45273279847385844,
        0.16272143191903263,
        0.183996468383571,
        -0.7602968147291289,
        -0.33490760624362675,
        -0.1030865053808439,
        0.009680248903191446,
        0.275910218243475,
        0.19283350843437747,
        0.08538458930803665,
        0.2993560954542885,
        0.11573447792544644,
        -1.1154159562475254,
        -0.22276223102168183,
        0.3366830521841511,
        0.3444758598267437,
        -0.9155503286607267,
        0.22386292279171707,
        1.1823042480421235,
        -0.3951238580270293,
        -0.2024066630847456,
        0.05995629857519707,
        0.2200209646508,
        0.4587949621199195,
        0.6442963868304932,
        0.4441269566279303,
        -0.2349921900929038,
        -1.1105825218991496,
        0.09448035119696739,
        0.39456644373086786,
        0.18077702357600636,
        0.6504254796270856,
        -0.5356329209824018,
        0.5858185614810845,
        1.385909334461408,
        -1.1460167851420204,
        -1.0564396176731905,
        -0.2907780286334973,
        0.13909664819721207,
        0.0779605765190661,
        0.8665350888167302,
        0.3382797527326916,
        -0.5284585735089165,
        -1.0544512849164676,
        -0.3881356874432002,
        -0.15943796475499208,
        0.006780480560159057,
        0.61866553089584,
        0.041965707727258605,
        0.7132309963193498,
        0.9292742506679895,
        -0.8191580242505102,
        -0.7282349080337625,
        -0.5427229103001042,
        0.019102983379854305,
        0.21420270443394263,
        0.3516068463523751,
        0.23607107336290456,
        -0.04357756754121255,
        -0.4967915660462323,
        0.14664123530702086,
        0.036985962024910696,
        0.3052843078264448,
        0.5650066342624883,
        -0.10752387547477686,
        0.10118944357967892,
        0.5880777012125226,
        -0.36019162498755686,
        -0.6018830986260899,
        -0.5739341612660233,
        -0.26316900948949606,
        0.1950984035211903,
        0.2898952364474817,
        -0.04408090800237189,
        -0.1450824354575356,
        -0.10621288694464119
    ],
    [
        -0.27913186973584486,
        0.6312595894572195,
        -0.3648943487012769,
        -0.27647538924047704,
        0.4267615032167588,
        0.46786198217587266,
        0.12214733432541337,
        -0.06970290248152317,
        -0.29903969758150833,
        -0.15477503016198652,
        1.525042629298457,
        0.7578282984848324,
        -1.1587238293003435,
        -0.6957342086124466,
        -0.414804055839801,
        -0.13773678555121474,
        -0.45096892732953503,
        -0.5988980076048864,
        -0.5257472328284836,
        -0.037771047676627825,
        0.43236780162325383,
        0.4251118745606848,
        0.5190951701719886,
        -0.4466384174851705,
        -1.2506821253417728,
        -0.2395300778572509,
        1.0556109720360243,
        0.300086414514319,
        -0.44627984387581887,
        0.10432113115757098,
        0.18207536014130266,
        0.7626880798325115,
        0.1993533965150217,
        1.032541841128327,
        0.3866042689024268,
        -0.02365237323908761,
        0.251329315771767,
        0.47556307487685456,
        0.6441714504298971,
        -0.26484743228634033,
        -1.0104091822443404,
        0.1755274724994914,
        1.3144429259829098,
        0.0017848920640955396,
        -1.440289639376504,
        -0.9508946399812658,
        -0.6495205943044058,
        0.11765566925839657,
        -0.16202824485204398,
        0.05806843403988278,
        -0.07720271738711863,
        -0.2370602101401437,
        0.2417290066256465,
        0.3933510950766953,
        0.2838058360070209,
        0.0767565931200544,
        -0.06336479862841743,
        -0.2409804315461723,
        0.6281579395187985,
        0.10341990194236896,
        -0.8178250772862087,
        -0.16051482708865988,
        -0.07852465184503982,
        0.11648299472730596,
        -0.10580206343827585,
        0.746244436371573,
        0.018714567764788484,
        -0.6729696529604214,
        0.4503934210476755,
        -0.27646887628094446,
        -0.24290635222680007,
        -0.04469799280010634,
        -0.3444034051411104,
        -0.5189219923628082,
        1.334533845883334,
        1.3257483316346215,
        -1.199468856509841,
        -0.35518000737430444,
        -0.22970417473571478,
        0.17540942393454162,
        0.4858667757017592,
        0.6719838493843987,
        0.0212021323018691,
        -0.2358077834906178,
        0.6345656054720802,
        0.31498828555903874,
        0.3746129405643468,
        -0.2787117318050526,
        -0.7161281648364711,
        -0.21969924260430565,
        1.4913187208776537,
        1.0374305482310857,
        -1.5608646895365954,
        -1.3082005599526456,
        -0.747627711032622,
        0.35454864384346463,
        -0.43597110328726013,
        0.20826607838441633,
        0.13804040647164656,
        0.3593223727994251,
        1.1905084187155495,
        0.3179642357718084,
        0.25987433359432127,
        0.13997416922249462,
        -0.5081368968148225,
        -0.7913613826339239,
        1.1794360734644789,
        0.5690140546749045,
        -1.6501210675620304,
        -0.8051930453311227,
        -0.1353058189248452,
        -0.09560923762984347,
        0.2989163890597694,
        0.45754647563417006,
        0.13560925579044186,
        0.3243946197575198,
        0.7577753027236936,
        0.1285355631291714,
        0.14651536212540953,
        0.17194477496249658,
        -0.357801381784225,
        -0.767247642949414,
        0.3777078375960176,
        0.15516985731233382,
        -1.1519479242459976,
        -0.5287312310737032,
        0.07450188664121561,
        -0.1696375635286896
    ],
    [
        -0.16250194547879662,
        0.6575392788373435,
        -0.09513697935973896,
        0.32154196425882514,
        -0.1170074567944327,
        -0.8550688703032071,
        0.26359873582772636,
        1.033050456618161,
        1.4944105915268422,
        1.1331418452283466,
        -0.15489720412942504,
        -0.7529209703864735,
        0.5885433356535599,
        -0.3794542114373641,
        -1.8175752868385797,
        -1.098319381761704,
        -0.07045857244012231,
        -0.12797744106077852,
        -0.414299847288582,
        -0.4898098775089893,
        -0.5527575975129332,
        -0.7253948849129893,
        0.5975931603906846,
        1.0248332474639206,
        0.9313510606751926,
        1.2787581441982552,
        0.5769592224069854,
        -0.3705318852514807,
        0.22001603588885546,
        -0.0891140255770131,
        -0.9441162512630047,
        -0.10433877721263392,
        0.26665542915775825,
        0.5483515634561941,
        0.40446428550662955,
        0.7670627804820385,
        0.2919048754278342,
        -0.8085603582886683,
        -0.006898405116614164,
        0.12465389152886912,
        0.3736219569142022,
        1.221117203628147,
        -0.16497781545633788,
        -1.495054276560082,
        0.5034790737256422,
        -0.002291098456584464,
        -1.2996253060758292,
        -0.5351784989814714,
        0.09390467984292791,
        0.35126914555310423,
        -0.08465337055488524,
        -0.2698747867893162,
        -0.35276957630711675,
        -0.8924331677688725,
        -0.09622482621688982,
        0.7909434005433926,
        0.644038702519385,
        0.5647482470901283,
        0.20220499523867644,
        0.03711321708276239,
        0.4102037424510633,
        0.1371979603970512,
        -0.5722534979849992,
        -0.422129764047921,
        0.26165839035329574,
        0.48409468996209426,
        -0.22753482858137716,
        0.27404457794074627,
        -0.1209344094728998,
        -2.0121694090326896,
        -0.7329125671737386,
        0.719065535249858,
        0.823662840850678,
        0.8131795619424901,
        0.1724835473473421,
        -0.03726775997872443,
        1.1489687602842615,
        0.6324810697410939,
        -1.131547098094527,
        -0.8053297973291292,
        -0.8635623687478734,
        -0.1799281816386546,
        -0.3525754974852251,
        0.10065554432245141,
        0.24681809986919281,
        -0.5173851105403733,
        0.11039895518392692,
        0.31457023819303354,
        0.7021065841601621,
        1.3783384449120863,
        0.5051156487474919,
        -0.5243296681600412,
        0.9472006847927582,
        0.6259756201430421,
        -1.6788075514557261,
        -1.29020335956613,
        -0.2028937062654736,
        0.14802708488521724,
        -0.2980492950859204,
        0.020437941077985904,
        0.23544243516906285,
        -0.9994332010357844,
        -0.5715931116018014,
        0.24139933245390227,
        0.5096754173223245,
        0.8301259976001272,
        0.3570911458643884,
        -0.12436736684376971,
        0.9405432587508942,
        0.7908353320689595,
        -1.3244021873780492,
        -0.846198370710385,
        0.0822711587688743,
        0.42101783738830884,
        -0.03673408778949976,
        0.47420036021491085,
        0.6621530595145638,
        0.017333354204674512,
        -0.32056789399356883,
        -0.3060084849198804,
        -0.0685489476543899,
        0.32172604270224103,
        0.02854612653257668,
        -0.3518040592598655,
        0.5154783628977061,
        0.27537855693464197,
        -1.097040116567099,
        -0.7271128122735026
    ],
    [
        0.04052696570017159,
        -1.3598076082593777,
        -0.4502444770208989,
        0.4214965681971732,
        0.06149684045171529,
        0.49362039325686796,
        0.5227742914424094,
        -0.8088281701883879,
        0.12876811403695457,
        0.6540331932011411,
        0.5427926201440084,
        0.37373805014208483,
        0.2935270777686727,
        -0.3115089101437669,
        -0.46326830177643236,
        0.18829926954419,
        -0.005720001552849797,
        -0.6910638500791083,
        -0.24986271649543632,
        -0.08487411466087344,
        -0.45592980473623396,
        0.013688820636757793,
        0.0854929601213999,
        -0.9276805125985487,
        -0.3160418773410499,
        0.22584331970195884,
        0.32632983747907096,
        0.5261156667893695,
        0.7523788731374048,
        0.22539214112927694,
        0.18931426411602545,
        0.4401493689508912,
        -0.3975298977064413,
        -0.1918951036055256,
        0.22235867528749825,
        0.5555658374974818,
        -0.053119172246071274,
        1.1480381830642974,
        1.850418346823826,
        0.09986133930501119,
        0.6074868206545542,
        0.6961696409042548,
        0.16442138495937078,
        -0.19742373892899562,
        -0.7710279174889175,
        -1.4252301069131277,
        -1.0167173772358173,
        -1.1894704089419224,
        0.09683371410121225,
        -1.4307904736638088,
        -0.8783106152202342,
        -0.457766178066187,
        -0.8539793320802038,
        -0.2646018473184938,
        0.7627500157469824,
        -0.37122367454924754,
        -0.35232348582278766,
        0.11605458312940371,
        0.26904604027421275,
        0.4838901845127327,
        0.8211400042833709,
        0.7617688916587383,
        0.6861671402878107,
        0.5861709036421475,
        -0.7184552259069825,
        -1.7186691162198997,
        -1.059758385754675,
        -0.055313594567898534,
        -0.8402071651694654,
        0.3070071401565018,
        2.0828326881696024,
        0.2624123720771031,
        0.257266701865336,
        0.35838925763018187,
        -0.0009139865643760728,
        0.9735413931522319,
        0.6163833246894375,
        -0.21402781960972053,
        0.04607350833000287,
        -0.06649375460732519,
        -1.0862854796524033,
        -1.1090475426595736,
        0.15804152574007438,
        0.5535322367527973,
        0.04244594265642472,
        0.8257790268204668,
        1.8974448338098644,
        0.05169823405062303,
        -0.3304081206048711,
        0.3432425795743741,
        0.4320563983899132,
        0.49401468046875335,
        -0.003169425014076583,
        -0.7324203012974368,
        -0.789478387958597,
        -0.8104007214227847,
        -0.5937772029145111,
        -1.1635528289968466,
        -0.15198284569012038,
        -0.0759065127606172,
        -0.2369433176025194,
        0.40196132534977164,
        1.8278111658532092,
        0.06827163418586309,
        -0.5059139325484023,
        -0.18584993587918075,
        -0.09749416123451707,
        0.03188878401004281,
        -0.39275797672898644,
        0.10198910785273259,
        0.5730235719009715,
        0.5794482915305676,
        -0.7966415900355103,
        -1.1009456431596565,
        0.04314427262488652,
        0.08095571613557886,
        -0.10617859303082895,
        0.4350120879682342,
        1.5052899257326953,
        0.049773333174945776,
        -0.5345802849397978,
        -0.14878965825368534,
        -0.004159531983815309,
        0.3109181312428663,
        -0.2347935315118855,
        -0.10395288369723811,
        0.2709926114406562,
        0.3438233212652942
    ],
    [
        0.9834116579765454,
        0.3392262402713694,
        -0.565874275802668,
        0.24716942388931687,
        -0.0008223717820652809,
        -0.2902862549721677,
        0.09271832605918484,
        -0.6520062995808671,
        -1.2115976170056444,
        -0.6891400786829603,
        -0.9050386376540555,
        -0.1208637216817847,
        0.7087566501634099,
        0.6512801680905043,
        1.038278558007328,
        0.3437202699812197,
        0.9606083079130675,
        0.6100858053015381,
        -0.07721047342732176,
        0.20113895041405447,
        0.25781410422362677,
        -0.4935015884327137,
        -0.9811779745072913,
        -1.7427317437938024,
        -2.481285962397333,
        -2.1089679470091087,
        -0.9146153772848756,
        0.873049115119058,
        1.6181198933479142,
        1.1914885339265182,
        1.2917514064326807,
        0.6473191861174837,
        0.7707418527563218,
        1.012783415399949,
        0.21747604754553992,
        0.44874554251363,
        -0.08166491179439277,
        -0.5514535005747133,
        -0.20421502716974022,
        -0.6509468061405753,
        -1.394148103469891,
        -0.6722890371968494,
        -0.5238525050005017,
        -0.1404707243688402,
        -0.0844272021420226,
        -0.2572654858758925,
        1.2811482414292874,
        0.47668597272775776,
        0.7008628727069693,
        0.6037146592940357,
        -0.19607935200169155,
        0.3301595996360758,
        0.35428405562869075,
        -0.28617594734679314,
        0.005255893560586184,
        -0.5010115824968251,
        -2.0641511391487235,
        -1.4856418700760199,
        -0.7812799889338832,
        -0.20558680393018613,
        0.47828355969257463,
        0.7545159831984926,
        0.8952006063908919,
        0.30356595887016424,
        0.7201006519980387,
        0.7321664533142026,
        0.2610884079277905,
        0.9842998085411727,
        0.6549019359126768,
        0.22499932704551776,
        1.1802432328893744,
        0.5766707406064359,
        -2.0394951299771567,
        -2.2787420890761574,
        -1.476956599431641,
        -0.7130383908825918,
        -0.3585814736491303,
        -0.08587575265155653,
        0.9043737345766247,
        0.2004380696007258,
        0.34798764143230737,
        0.2200414598209867,
        -0.25087124566773283,
        0.42422320165068805,
        -0.01565253432462817,
        0.046755413326434556,
        0.814852252479322,
        0.2187462597453282,
        -1.6698199112038608,
        -0.9946000981228531,
        -0.2747097183388829,
        0.1658060573330302,
        0.44514484021300327,
        0.334966742810381,
        0.502183372791441,
        -0.323266775301058,
        0.37307990763520044,
        -0.165426269502891,
        -0.4378167553932198,
        0.18930447669398487,
        -0.06822727417755603,
        -0.2695063126404201,
        0.4401652864642146,
        0.10277359465305906,
        -1.2828193631537175,
        -0.6376389664785616,
        -0.14532232802634792,
        0.10846566788850602,
        0.3742520682711481,
        0.6225652001286709,
        0.7073616595036744,
        0.34572295720721047,
        0.5819644960337753,
        0.08050220351911686,
        -0.15825677637295243,
        0.2858724029366077,
        0.24890156911239314,
        0.22360025521120966,
        0.565103216255461,
        0.07269286952611058,
        -1.5710121396309282,
        -0.9529884399918843,
        -0.1913157361533491,
        -0.2913675102493339,
        -0.20063012539241973,
        0.2587834543874713,
        0.692609625025131,
        0.36178949670577715
    ],
    [
        0.7535476823364974,
        -0.22346164821340736,
        0.5995629914529732,
        -0.2541059084493649,
        -0.4389110532071257,
        0.022400414608239532,
        -0.21441969664384716,
        0.5658329871462477,
        0.04362240972843474,
        0.13175827879221624,
        0.27394091173919416,
        -0.18785175873287585,
        -0.590462259026053,
        -0.6994279583652603,
        -0.8093131180355986,
        1.011625300575321,
        -0.18709187835433524,
        -0.39120581951624894,
        -0.33268638832451025,
        -0.7014542907755117,
        -0.652815357208283,
        0.15116458441757624,
        0.43811569203123074,
        1.420241418853788,
        1.2498165683607616,
        0.8222959623527839,
        0.7762456242892637,
        0.28190897459838615,
        -0.45062608782474123,
        -0.9177025440311487,
        -0.8768263004882222,
        0.15195355805037208,
        0.718106342619881,
        0.7305844475746067,
        1.0213478321976848,
        -0.013494149456038267,
        0.053811334927437525,
        0.4144679674290011,
        -0.5654760867830482,
        0.38452552687024383,
        0.2448627942155056,
        0.3815348964480671,
        1.0269658568987727,
        0.691962157775153,
        -1.0743489373282764,
        -2.091516088091294,
        -1.8561651502522933,
        0.27382275720623045,
        -0.7836915698866418,
        -0.9454852025039335,
        0.13055840059155102,
        -0.19070935791249014,
        -0.6611632280154199,
        0.35986666163176845,
        0.011866318972869517,
        0.03721017400916932,
        0.3140200114124619,
        0.49035085752752433,
        0.8114277907074886,
        0.7411130584749978,
        0.5196051432342028,
        0.07788870615890882,
        -0.34102576095338766,
        -0.05480027361106432,
        -0.4831236741963962,
        0.05948796402427253,
        0.7920826771979024,
        0.2946384488144137,
        -1.0488991651052029,
        0.367118003244656,
        1.1620875229410772,
        0.9219957976902894,
        0.8683815678838948,
        0.5160651619917562,
        0.5973015416815308,
        0.21079213120274262,
        -0.8290123157690552,
        -1.343040249464698,
        -1.2038377731971461,
        -0.7385840646765603,
        -0.5463622398242275,
        0.15726421753069308,
        1.0569195767872075,
        -0.10671247912828974,
        -0.6239471617456981,
        0.9566173272310238,
        0.27570559744407314,
        1.007342466132705,
        0.7603858431153931,
        0.45258861576249987,
        1.377869807704355,
        0.5372316703165858,
        -0.8397005436457259,
        -1.3361803406508552,
        -2.0077383688748136,
        -0.8822628950039992,
        -0.6387395484605065,
        -0.3588131725172401,
        0.3011742665560317,
        -0.4782854428188256,
        -0.5015542629352988,
        0.580962915688115,
        0.29304319060319,
        0.6445460372704639,
        0.5030660895127868,
        0.2614012293425497,
        0.5177511212940752,
        0.7576302505061764,
        0.3409613299628121,
        -0.18247598190270947,
        -0.7878462963388609,
        -0.388233855931602,
        -0.45862994207464713,
        0.07624226209835208,
        0.25160831400767936,
        -0.3173173005264107,
        -0.5171561492882226,
        0.5901890806383637,
        0.15545272655668504,
        0.29308923540756426,
        0.5014425823788958,
        0.2803086281990565,
        0.5214995057014259,
        0.6810262307269317,
        0.2547430558612351,
        -0.24966029981812585,
        -1.021719026477854,
        -0.7894560151047435
    ],
    [
        0.29444694662062637,
        -0.2109763061341049,
        -0.5730730516206283,
        -0.0990308680814483,
        -0.3447611981482705,
        1.2711438118292524,
        0.3290111386839122,
        -0.06205604387950054,
        -0.15777716537285866,
        -1.4391750475174214,
        -1.0156179649131267,
        -0.42919712042025804,
        0.19710104273898824,
        0.13346331919997717,
        0.5909023990506171,
        1.207434938083575,
        0.4104152690842329,
        0.2843173189207608,
        0.9029213839192453,
        0.9551309449991315,
        0.8551344359850086,
        2.2730716700364835,
        1.5891219992328915,
        0.14637840986219133,
        -0.31577523968591037,
        -1.8688907446036285,
        -1.8253510394801251,
        -1.441302124562566,
        -0.9462312665944828,
        -0.9559112482817688,
        -0.5463809439401797,
        0.23429045987555536,
        0.048997477016576134,
        0.3846763258860164,
        0.03178640891554949,
        0.5428410067991901,
        -0.3012918130649369,
        1.3544476454771501,
        0.6492776818752339,
        -0.5630508743029691,
        -0.41359763750290124,
        -1.5670466035523614,
        -0.7616765654874543,
        -0.48179653424836294,
        0.48208028601228425,
        -0.10156958342620802,
        -0.05222923554528447,
        0.2666577022590677,
        -0.2561146289151753,
        -0.5297221358422975,
        -0.6725121065144195,
        0.08114996263859864,
        -0.017495693241202894,
        1.2559187615954166,
        0.3685299239518183,
        -0.5997829848539512,
        -0.2515420258030681,
        -0.555800994784265,
        0.12162664837826724,
        0.15955089244543452,
        0.16043716637303918,
        0.21115555059986793,
        0.13047266682972877,
        0.06210289824649959,
        0.13807427428058847,
        -0.9418926278290649,
        -1.6341611545738757,
        -1.0881922340414962,
        -1.6029530478839742,
        -0.565613871643872,
        -1.078928522412714,
        -1.9228957532753534,
        -0.22896387544218588,
        0.10110837737077537,
        1.1198536384856983,
        2.137118746491718,
        1.6836377882175895,
        1.3643597877597256,
        1.178588377547614,
        1.7064939145275497,
        0.43023244556792956,
        -0.0036017937341464123,
        -0.5804055752605295,
        0.17900076598218645,
        -0.7847301096591461,
        0.5959881578337591,
        0.5390369777097619,
        -1.0957138385501766,
        -0.47588097237473237,
        -0.8240162264536502,
        -0.4370151884712223,
        0.031381112976423424,
        0.9581697753220972,
        0.4651221909151396,
        0.4362453986984011,
        0.4591935968379519,
        -0.1684615299618156,
        0.20921056891029968,
        0.040731801952479725,
        0.23476966609730152,
        -0.3122296767989978,
        0.7745109816753641,
        0.7604126582361342,
        -1.1286691750981483,
        -0.4238205741462081,
        -0.36090451494980574,
        -0.5072086053917342,
        -0.6110738566286102,
        0.1902090718808115,
        0.626742911389815,
        0.5084698700038135,
        -0.0009382899690890305,
        -0.3418984874705944,
        0.351812889366726,
        0.4524784673903954,
        0.3249338339341804,
        -0.3178862345142721,
        0.5502684642397738,
        0.39777583388025184,
        -0.7887956021602167,
        -0.43707604299744185,
        -0.34898789364862703,
        -0.4362213181804406,
        -0.5695209262251358,
        -0.1577836807983602,
        0.4431015478870437,
        0.6907992316486495,
        -0.12363464561778464
    ],
    [
        1.5881678709497058,
        0.30926117187760016,
        0.10664735726903235,
        -0.18421647542133832,
        -0.7729244307220108,
        0.018258639985755703,
        0.5001331173681621,
        -1.1941652564314618,
        -1.798631606907862,
        -1.7446421426737413,
        -2.119898557724936,
        -1.461893200629143,
        0.13996729145598547,
        2.006346808026713,
        2.6019327028514097,
        1.4003292666155704,
        0.6809231693551194,
        -0.7231813218542633,
        -0.6320943475092095,
        -0.8864840801515936,
        -0.7546906992734761,
        -0.5640838220771331,
        -0.5400566513855297,
        -1.5687977210308466,
        -1.6310080306001755,
        -0.7676063339366064,
        -0.5879629561903084,
        -0.18630619806494206,
        0.6875963930410592,
        2.084185202946403,
        2.650401285988322,
        1.9265516457362795,
        0.2618493369891028,
        0.6216625714562004,
        1.1161904651882157,
        0.23587080063476876,
        -0.6523420425230765,
        0.2420830231389928,
        0.9191322821075972,
        -1.119375912392286,
        -1.7102478696228376,
        -1.1689672162956317,
        -1.578797437357792,
        -1.1352056467573988,
        -0.5718096589299981,
        1.1652153740765614,
        2.038267264925725,
        0.26721762287408574,
        -0.04405689107150278,
        -0.15056328262206878,
        0.11057189202878548,
        0.26132877762972967,
        0.04854870044301636,
        0.33932994403922506,
        0.7699118840819058,
        -0.4496881423964407,
        -1.6325278668438086,
        -1.1393553410166801,
        -0.46815349924459676,
        -0.7417413753894294,
        -0.19373327759563105,
        0.9934662306861921,
        1.0912141713715489,
        0.015576665676164583,
        0.2771082854132064,
        0.18166808182446903,
        0.28691795562991557,
        -0.13073229400995431,
        -0.5989817098042481,
        -0.18540290300690598,
        0.6922530160055049,
        -0.9775861709179096,
        -1.3951505228418275,
        -0.6032887940149315,
        -1.4781617685545891,
        -0.9097687557801073,
        -0.14873384856071978,
        1.5708024421304208,
        2.1746891305049116,
        0.7347265039732651,
        0.36732217695516456,
        0.8497629369004401,
        0.7177244317230583,
        0.0002853980887555243,
        -0.6560987660176811,
        0.2619282504944538,
        0.9756672472976928,
        -1.1188957008192857,
        -1.7221691487379407,
        -0.6235770040454023,
        -0.8393892535481018,
        -0.49069214302355685,
        0.009418237083183931,
        0.8702218928343565,
        1.1946753103468601,
        -0.2141903253344784,
        -0.2161430103680644,
        -0.03880246052707536,
        0.25749768468012657,
        0.016831195298198643,
        -0.4064878018351185,
        -0.15379238187417568,
        0.5851012999058566,
        -0.964562490148783,
        -1.345624668107897,
        -0.28951478007727954,
        -0.12080276868685322,
        -0.029452320131032578,
        0.49526021623410865,
        1.3241489096385763,
        0.9228188607466725,
        -0.06833940051919474,
        0.2586287977636431,
        0.11611387389014578,
        0.10867168282857231,
        0.007490903545228472,
        -0.46728331418335955,
        -0.4365713750525181,
        0.481737305006727,
        -0.44845612833814663,
        -1.102074718663688,
        -0.18085147977522953,
        0.04079128977717389,
        0.19674715267075765,
        0.42162640784765687,
        0.6424921354178139,
        0.5135944630686157,
        0.014665380951487108
    ]
]