Red	    #e6194b	(230, 25, 75)	(0, 100, 66, 0)
Green	#3cb44b	(60, 180, 75)	(75, 0, 100, 0)
Yellow	#ffe119	(255, 225, 25)	(0, 25, 95, 0)
Blue	#0082c8	(0, 130, 200)	(100, 35, 0, 0)
Orange	#f58231	(245, 130, 48)	(0, 60, 92, 0)
Purple	#911eb4	(145, 30, 180)	(35, 70, 0, 0)
Cyan	#46f0f0	(70, 240, 240)	(70, 0, 0, 0)
Magenta	#f032e6	(240, 50, 230)	(0, 100, 0, 0)
Lime	#d2f53c	(210, 245, 60)	(35, 0, 100, 0)
Lavender	#e6beff	(230, 190, 255)	(10, 25, 0, 0)
Mint	#aaffc3	(170, 255, 195)	(33, 0, 23, 0)
Coral	#ffd8b1	(255, 215, 180)	(0, 15, 30, 0)

[#e6194b, #3cb44b, #ffe119, #0082c8, #f58231, #911eb4, #46f0f0, #f032e6, #d2f53c, #e6beff, #aaffc3, #ffd8b1]