[
    [
        [
            9.393642660012139e-06,
            9.353375073303133e-06,
            5.82480127175739e-06,
            -7.460647355973768e-07,
            -8.600476537067023e-06,
            -1.4931990772688328e-05,
            -1.7066279424184646e-05,
            -1.3822785632888014e-05,
            -6.01107137762898e-06,
            4.1456864607233615e-06,
            1.3923079478353558e-05,
            2.068167168711798e-05,
            2.2273883537284088e-05,
            1.77171503984084e-05,
            7.935953503438147e-06,
            -4.230515082641888e-06,
            -1.5126639637073261e-05,
            -2.1793180391137384e-05,
            -2.283500764983066e-05,
            -1.8361430562455544e-05,
            -9.608048970211548e-06,
            1.2424663369512233e-06,
            1.130301664720899e-05,
            1.7788767852642804e-05,
            1.916916603319911e-05,
            1.5764122516336696e-05,
            9.261310172454893e-06,
            1.6838797513993108e-06,
            -5.2573455581672966e-06,
            -1.0201450296790831e-05,
            -1.2148750546034685e-05,
            -1.0857269221655151e-05,
            -7.199952483799166e-06,
            -2.8170769570760253e-06,
            8.316089868707541e-07,
            3.147637769427492e-06,
            4.235499814690964e-06,
            4.323257960991697e-06,
            3.5602074830043745e-06,
            2.3009177197296213e-06,
            1.2270928661080499e-06,
            8.940622827869942e-07,
            1.178791192439892e-06,
            1.374284213757227e-06,
            9.005323379737965e-07,
            -1.8276479155531908e-07,
            -1.409202879292356e-06,
            -2.4697389848500715e-06,
            -3.33730419694038e-06,
            -3.882939487988525e-06,
            -3.6660994248693454e-06,
            -2.3347017735103257e-06,
            -1.6923198317110455e-07,
            1.9830483073375133e-06,
            3.380571447890892e-06,
            3.880525462252918e-06,
            3.723231834526072e-06,
            3.0194992114619983e-06,
            1.6899784555999833e-06,
            -1.0083320774971376e-07,
            -1.7212290669137977e-06,
            -2.5049510403217683e-06,
            -2.3650223796533608e-06,
            -1.809731447595847e-06,
            -1.3361474310318065e-06,
            -9.748403120881008e-07,
            -5.153202626318027e-07,
            -5.986281097188691e-11,
            2.567083323688394e-07,
            1.5240970092497655e-07,
            6.283746481247232e-08,
            4.4466742793935854e-07,
            1.2513422676414397e-06,
            1.933489946164509e-06,
            2.036375920810521e-06,
            1.627425600477832e-06,
            1.0423646726399784e-06,
            3.6947557266592156e-07,
            -5.82119994604265e-07,
            -1.7992138278077551e-06,
            -2.788841875226571e-06,
            -2.9708355118503747e-06,
            -2.274149796218175e-06,
            -1.168515014138586e-06,
            -1.0715868958790267e-07,
            8.709220303710124e-07,
            1.883761124312692e-06,
            2.724020167622524e-06,
            2.893333739323396e-06,
            2.1622210303777204e-06,
            9.077980090575024e-07,
            -2.461772391435454e-07,
            -1.0309555891039205e-06,
            -1.6100580654349877e-06,
            -2.0953550987262188e-06,
            -2.2264479312610732e-06,
            -1.6876215095930236e-06,
            -6.233575509634892e-07,
            3.9080582573853225e-07,
            9.003816025778008e-07,
            8.934339086957981e-07,
            5.960176890145148e-07,
            2.728826444698133e-07,
            3.094190148503996e-07,
            1.126857632678419e-06,
            2.671100118207687e-06,
            4.025623702558912e-06,
            3.8373832689769015e-06,
            1.371476176499416e-06,
            -2.7925035140823856e-06,
            -7.078236449005185e-06,
            -9.829659670384736e-06,
            -9.943795859136283e-06,
            -6.9624041552933575e-06,
            -1.113325031218487e-06,
            6.389272356672587e-06,
            1.3256451768703972e-05,
            1.6857990792562257e-05,
            1.553210516854265e-05,
            9.45410605560607e-06,
            4.0434791953983904e-07,
            -9.149904711971771e-06,
            -1.678763212158378e-05,
            -2.0439400462452728e-05,
            -1.87471359587827e-05,
            -1.1741068504019353e-05,
            -1.2781063998373544e-06,
            9.480199617908958e-06,
            1.7403832286296897e-05,
            2.0560410154037103e-05,
            1.8493915381832583e-05,
            1.189714416452198e-05,
            2.3774529690927896e-06,
            -7.597213449948811e-06,
            -1.5140242932503777e-05,
            -1.8021393822117708e-05,
            -1.5702770939352497e-05,
            -9.442528955945253e-06,
            -1.4403382788520175e-06,
            6.1210526993622465e-06,
            1.1471237135449161e-05,
            1.331831828702144e-05,
            1.1161162301162063e-05,
            5.780602931942768e-06,
            -7.976259668973392e-07,
            -6.211241445074468e-06,
            -8.907387900213472e-06,
            -8.590837102710489e-06,
            -5.833888885456187e-06,
            -1.564262085552971e-06,
            3.0234251773082233e-06,
            6.4477681665408384e-06,
            7.358530345673734e-06,
            5.260248023112897e-06,
            9.881606144860849e-07,
            -3.4198757943409334e-06,
            -5.632402173400278e-06,
            -4.432944288446172e-06,
            -5.753482661660775e-07,
            3.691831359138916e-06,
            5.899216623897926e-06,
            4.429874698312505e-06,
            -8.743202964368329e-07,
            -8.382981752084815e-06,
            -1.4821137703329046e-05,
            -1.6382867166219044e-05,
            -1.0684126936058556e-05,
            1.59642161816344e-06,
            1.6632716059548383e-05,
            2.901870333830902e-05,
            3.3899993747589726e-05,
            2.856279355982571e-05,
            1.3233250922237871e-05,
            -8.685371947492646e-06,
            -3.108206992315628e-05,
            -4.676364799390118e-05,
            -5.004967822802356e-05,
            -3.910330054786546e-05,
            -1.6642820377369615e-05,
            1.11980388420875e-05,
            3.691929331041808e-05,
            5.361445572611741e-05,
            5.659396738528311e-05,
            4.4752306036427585e-05,
            2.1263184620516225e-05,
            -7.16960230649833e-06,
            -3.259391848227355e-05,
            -4.8526003165347436e-05,
            -5.1693236079893916e-05,
            -4.2326741703933115e-05,
            -2.3573932628305312e-05,
            -6.404955697646162e-07,
            2.0389321847244647e-05,
            3.425744083284934e-05,
            3.825538309295275e-05,
            3.291933129745158e-05,
            2.1230076483754224e-05,
            7.033831165703748e-06,
            -6.185423232126711e-06,
            -1.5805205662120955e-05,
            -2.0310089913729193e-05,
            -1.9642388700390776e-05,
            -1.5278532808149473e-05,
            -9.511566080788262e-06,
            -4.224270033910392e-06,
            -1.29928499468136e-07,
            2.9639294934323517e-06,
            5.385253783595855e-06,
            7.21761760778058e-06,
            8.48553216063857e-06,
            9.298277847400462e-06,
            9.578857634932345e-06,
            8.835751370366993e-06,
            6.475845753692701e-06,
            2.3225809238095203e-06,
            -3.251765187942141e-06,
            -9.473731527577597e-06,
            -1.512692393192428e-05,
            -1.8421415055287677e-05,
            -1.7405291549773016e-05,
            -1.108635701236918e-05,
            -4.5519097690971654e-07,
            1.1581031145842646e-05,
            2.1386944285064626e-05,
            2.5974442532636857e-05,
            2.376236665775555e-05,
            1.4804358948951428e-05,
            9.424253310340738e-07,
            -1.421146626631089e-05,
            -2.6067225953879166e-05,
            -3.0729005187868076e-05,
            -2.6643832425749542e-05,
            -1.5115627466055371e-05,
            4.7487296841336614e-07,
            1.591870622381671e-05,
            2.715710635350807e-05,
            3.105800429219759e-05,
            2.633373659406126e-05,
            1.431130289713455e-05,
            -1.2582771912905512e-06,
            -1.5628697981717813e-05,
            -2.4897431835920405e-05,
            -2.7102837061528645e-05,
            -2.227176730530769e-05,
            -1.2025902637899145e-05,
            7.444463515322223e-07,
            1.2382203507376264e-05,
            1.955215701530963e-05,
            2.0572545893203558e-05,
            1.601710023308607e-05
        ],
        [
            4.090449886924972e-06,
            3.707945197837724e-06,
            1.905196641779598e-06,
            -1.1667360810911544e-06,
            -4.774350586953178e-06,
            -7.653217660304588e-06,
            -8.546756801147547e-06,
            -6.884897374745619e-06,
            -3.0460292581181774e-06,
            1.9260903245243474e-06,
            6.767130847447479e-06,
            1.0244533682031104e-05,
            1.1304462246764166e-05,
            9.384748546906988e-06,
            4.820021137992592e-06,
            -1.0910117197608347e-06,
            -6.592741777884038e-06,
            -1.0224742296624923e-05,
            -1.12589784985126e-05,
            -9.660606998396109e-06,
            -5.896370701409558e-06,
            -8.81683948566041e-07,
            4.0709297460435896e-06,
            7.6032448127546655e-06,
            8.886024576494092e-06,
            7.949267930966741e-06,
            5.4703103719453154e-06,
            2.2780985559667435e-06,
            -9.32412081686476e-07,
            -3.5584439659454216e-06,
            -5.0510672401857784e-06,
            -5.128347384261279e-06,
            -4.0232195689814525e-06,
            -2.3817353006284342e-06,
            -8.239023583004334e-07,
            3.922384466623723e-07,
            1.2856447822222124e-06,
            1.85299359372326e-06,
            1.9898525757293375e-06,
            1.7002933062520276e-06,
            1.2331181629699363e-06,
            8.854237279389905e-07,
            6.997808154574148e-07,
            4.6280912918616134e-07,
            2.003606022749247e-08,
            -5.005253393646039e-07,
            -8.418931405305192e-07,
            -9.302687879022135e-07,
            -9.221389028604465e-07,
            -9.405930927215373e-07,
            -8.838693696205129e-07,
            -5.828351512518626e-07,
            -9.128782780958845e-08,
            3.0722047083970964e-07,
            4.091476663555615e-07,
            3.157850806924703e-07,
            2.8138131391032393e-07,
            3.9581814265194733e-07,
            5.242265938036312e-07,
            5.557480709264826e-07,
            5.85288176515442e-07,
            7.536762036733457e-07,
            9.625593140797705e-07,
            8.847230352662343e-07,
            3.053978857191152e-07,
            -6.223784858587135e-07,
            -1.521602624046371e-06,
            -2.1272153979173684e-06,
            -2.3849915285215824e-06,
            -2.254773161689149e-06,
            -1.5813912047575105e-06,
            -2.84819944009849e-07,
            1.3639360595217903e-06,
            2.7910108829469747e-06,
            3.502893923692031e-06,
            3.3844015733879706e-06,
            2.606204533249351e-06,
            1.3402350939302425e-06,
            -3.0387514720788255e-07,
            -2.0711974831048136e-06,
            -3.4549217810290124e-06,
            -3.950496222979153e-06,
            -3.4288275399094535e-06,
            -2.190374403328546e-06,
            -6.556224467760571e-07,
            9.092337170305744e-07,
            2.3310518161241582e-06,
            3.322722296606594e-06,
            3.522381881330924e-06,
            2.8015688513067464e-06,
            1.451555362008607e-06,
            -2.0406790103055228e-08,
            -1.2571664759322547e-06,
            -2.1560829283677473e-06,
            -2.658691568375357e-06,
            -2.594471341595622e-06,
            -1.845432760469028e-06,
            -6.139947613858459e-07,
            6.117794520689953e-07,
            1.3951933097437813e-06,
            1.5812279573180785e-06,
            1.2424542725248027e-06,
            5.966117154594194e-07,
            2.963388341403636e-08,
            -7.134980318692491e-09,
            6.470771438803424e-07,
            1.572372253552592e-06,
            1.9572972641373956e-06,
            1.1966107994461496e-06,
            -6.434557380111631e-07,
            -2.892167368760462e-06,
            -4.701421322851678e-06,
            -5.376061643077138e-06,
            -4.459962913461988e-06,
            -1.8249840927203564e-06,
            2.0826384842560323e-06,
            6.110240261193854e-06,
            8.749022937727827e-06,
            8.867551176102523e-06,
            6.2756187061037586e-06,
            1.7125754895915634e-06,
            -3.575815671194912e-06,
            -8.221092600028978e-06,
            -1.0928224878658934e-05,
            -1.0724315622823024e-05,
            -7.398245292106901e-06,
            -1.8216887290359955e-06,
            4.278222049422329e-06,
            9.053143915615791e-06,
            1.124066501539962e-05,
            1.041093025963364e-05,
            6.852863584812919e-06,
            1.464331801201234e-06,
            -4.2924080134597914e-06,
            -8.667463788525207e-06,
            -1.0269406400474687e-05,
            -8.708588211777011e-06,
            -4.714830477294693e-06,
            3.241627476046882e-07,
            4.94971448633625e-06,
            7.950173688904208e-06,
            8.487623668929463e-06,
            6.320452563523398e-06,
            2.081922244204861e-06,
            -2.7716350900121616e-06,
            -6.539827188611278e-06,
            -8.036406340406434e-06,
            -6.97145434958011e-06,
            -3.813724579001252e-06,
            5.182516199329735e-07,
            4.824394204632482e-06,
            7.771416281656419e-06,
            8.275134834490684e-06,
            6.0081376885985055e-06,
            1.6906234980296469e-06,
            -3.047934850112603e-06,
            -6.307503325350357e-06,
            -6.8645808868009855e-06,
            -4.8128561979508075e-06,
            -1.4058463950176318e-06,
            1.6627757468892274e-06,
            2.9759539257076736e-06,
            1.8932662662791088e-06,
            -1.1189745095493538e-06,
            -4.466064602949034e-06,
            -5.997992493169069e-06,
            -4.119577272834477e-06,
            1.1964634373948365e-06,
            8.221473248577785e-06,
            1.4224599766497393e-05,
            1.6610127736055903e-05,
            1.3819473343286497e-05,
            5.824656693734309e-06,
            -5.684266520112121e-06,
            -1.7503363413274417e-05,
            -2.5763530913586593e-05,
            -2.7339512833794264e-05,
            -2.115644116579818e-05,
            -8.634593611228319e-06,
            6.888199319766714e-06,
            2.126688260190006e-05,
            3.0642547747128385e-05,
            3.235883793278555e-05,
            2.5734111818972946e-05,
            1.246774663760138e-05,
            -3.7416112965799035e-06,
            -1.8434328419644012e-05,
            -2.7903628125149272e-05,
            -3.020125133682657e-05,
            -2.5340379557658542e-05,
            -1.4984228607669762e-05,
            -1.966797452324972e-06,
            1.0351185239318703e-05,
            1.899863371670598e-05,
            2.2329428974657926e-05,
            2.042435981385748e-05,
            1.46961243174007e-05,
            7.066532295191175e-06,
            -6.692559438355951e-07,
            -7.076749862483108e-06,
            -1.1177808520777623e-05,
            -1.2634661530880256e-05,
            -1.18457006907496e-05,
            -9.65850630175368e-06,
            -6.812701839529035e-06,
            -3.606025730541232e-06,
            -7.313927465811849e-08,
            3.603351655246024e-06,
            6.947202345698151e-06,
            9.408933784484745e-06,
            1.0598963462882052e-05,
            1.027009106540871e-05,
            8.242428581313102e-06,
            4.544862717168645e-06,
            -3.7877537525531586e-07,
            -5.715083520020754e-06,
            -1.0513029106855563e-05,
            -1.3802867132694985e-05,
            -1.4601206566294687e-05,
            -1.2116881785150633e-05,
            -6.268948373513212e-06,
            1.8752214279372735e-06,
            1.024771309117387e-05,
            1.6520880662755117e-05,
            1.8925743457513325e-05,
            1.6688931763100954e-05,
            1.0114567382864333e-05,
            5.806730472130029e-07,
            -9.558526432620283e-06,
            -1.746473993685565e-05,
            -2.076911255765538e-05,
            -1.8510370191455012e-05,
            -1.1441194371530953e-05,
            -1.5933918797546773e-06,
            8.453357246280952e-06,
            1.617155403013028e-05,
            1.956178655031729e-05,
            1.7691433649584134e-05,
            1.1154124699654421e-05,
            2.0060317901407822e-06,
            -6.999436112426842e-06,
            -1.3453653492232145e-05,
            -1.597194201091577e-05,
            -1.4302605701576277e-05,
            -9.162749292338778e-06,
            -2.0771169451361334e-06,
            4.893522924773496e-06,
            9.757689236084596e-06,
            1.1357712900506487e-05,
            9.763471556574295e-06
        ]
    ],
    [
        [
            1.2039464648608205e-06,
            -7.090219224846164e-07,
            -2.490660727541355e-06,
            -3.90178317638048e-06,
            -4.772508769581106e-06,
            -4.710577521869305e-06,
            -3.3707418986909493e-06,
            -1.0023874757509526e-06,
            1.5036700892745961e-06,
            3.2561615239703014e-06,
            3.983563927030267e-06,
            3.94668165087502e-06,
            3.379132204463139e-06,
            2.2565220640910983e-06,
            6.523114509148239e-07,
            -9.308247770765447e-07,
            -1.8492716928587157e-06,
            -1.9355698328732355e-06,
            -1.638498960726191e-06,
            -1.4748716730088804e-06,
            -1.4826179843960396e-06,
            -1.3447318193847117e-06,
            -9.418335277631244e-07,
            -5.382262888497941e-07,
            -3.575279246344044e-07,
            -1.8110570458391168e-07,
            4.1363755162566353e-07,
            1.453977345098306e-06,
            2.419049587487601e-06,
            2.7615237983656886e-06,
            2.436348400759904e-06,
            1.7784161484363883e-06,
            9.669614469671968e-07,
            -1.438380962736267e-07,
            -1.599698833360662e-06,
            -2.9629227052989126e-06,
            -3.5799566750592085e-06,
            -3.2138430128312216e-06,
            -2.232636591347351e-06,
            -1.1242333206034736e-06,
            1.5918612669383345e-09,
            1.2784007337633405e-06,
            2.5672611797073266e-06,
            3.3438261778099656e-06,
            3.2046388913938944e-06,
            2.33149196359998e-06,
            1.2804841543410635e-06,
            3.6871106650930193e-07,
            -5.348399436117273e-07,
            -1.577519441963546e-06,
            -2.4936973726045483e-06,
            -2.806165794473358e-06,
            -2.3976635552136013e-06,
            -1.6621769881263594e-06,
            -1.0148972129670557e-06,
            -4.4104281509046447e-07,
            3.1253763142460555e-07,
            1.2598568172521727e-06,
            2.0605265917367844e-06,
            2.3371519162082506e-06,
            2.116773339922278e-06,
            1.9280642849661112e-06,
            2.2544803517852162e-06,
            2.8239855532051132e-06,
            2.6136043290126087e-06,
            7.162665773733023e-07,
            -2.7803221243413624e-06,
            -6.758687356617162e-06,
            -9.761609427440238e-06,
            -1.060595759211452e-05,
            -8.532340364090057e-06,
            -3.2950225939929114e-06,
            4.410246217400499e-06,
            1.2574929219825041e-05,
            1.8328517558234996e-05,
            1.9246326653844817e-05,
            1.4570889075352073e-05,
            5.435863077614605e-06,
            -5.806811845956662e-06,
            -1.635296357844243e-05,
            -2.3400829329921973e-05,
            -2.4656012378318757e-05,
            -1.9208747460054185e-05,
            -8.295300167026705e-06,
            4.913025511063949e-06,
            1.6601704321754157e-05,
            2.3776417204802953e-05,
            2.4956217611640753e-05,
            2.009989185118688e-05,
            1.042818193408547e-05,
            -1.6070721161520783e-06,
            -1.2694922218844885e-05,
            -1.9752724345070188e-05,
            -2.119429992814997e-05,
            -1.739558867791013e-05,
            -1.0080998668518746e-05,
            -1.3651573811667329e-06,
            6.745197966928101e-06,
            1.2443859530092589e-05,
            1.4421274383937078e-05,
            1.2480140202837203e-05,
            7.808117328426152e-06,
            2.3641342742869523e-06,
            -2.2029879393900725e-06,
            -5.144967173101883e-06,
            -6.370812552549334e-06,
            -5.9842583275870935e-06,
            -4.271748851142034e-06,
            -1.9692633797479387e-06,
            -1.2484356224946423e-07,
            5.760147478596286e-07,
            3.1708450796971944e-07,
            -1.3824979400109755e-07,
            -2.1210879577991224e-07,
            1.2124627554238489e-07,
            6.630193131396413e-07,
            1.4030888075492762e-06,
            2.3958477722088183e-06,
            3.3322663650834286e-06,
            3.543193454471741e-06,
            2.594906839115167e-06,
            7.804426644712603e-07,
            -1.1287972975566437e-06,
            -2.5750025938203483e-06,
            -3.50931813104342e-06,
            -4.022602965344351e-06,
            -3.935802316781487e-06,
            -2.9738230038783773e-06,
            -1.273644003599244e-06,
            5.36529480231152e-07,
            1.8790014311785028e-06,
            2.7135637915061303e-06,
            3.338304381242095e-06,
            3.792202733163565e-06,
            3.6832116416410785e-06,
            2.680460786112845e-06,
            1.00466567609437e-06,
            -7.422094467100237e-07,
            -2.1641957139290185e-06,
            -3.2825911757749356e-06,
            -4.1323988436883826e-06,
            -4.381013737879679e-06,
            -3.5822522328058163e-06,
            -1.7767094653315569e-06,
            3.735529579114418e-07,
            2.13532954536275e-06,
            3.259856668867729e-06,
            3.883652112464734e-06,
            4.016737009642389e-06,
            3.3957518638801123e-06,
            1.9230552933394364e-06,
            5.078425308531057e-08,
            -1.4961759640830446e-06,
            -2.3636114540877145e-06,
            -2.7649531524800145e-06,
            -3.006483036679382e-06,
            -3.004899469987923e-06,
            -2.4425412077931616e-06,
            -1.3088153477526556e-06,
            -4.48710131981718e-08,
            9.282402470356955e-07,
            1.6498076219175665e-06,
            2.411540334675316e-06,
            3.184303628844059e-06,
            3.4839345819748864e-06,
            2.893078918815992e-06,
            1.5621157957397736e-06,
            5.162098134709996e-08,
            -1.199755402748433e-06,
            -2.0731700633383205e-06,
            -2.5970954478894644e-06,
            -2.899020783014587e-06,
            -3.2948331722765247e-06,
            -4.051386335841176e-06,
            -4.854134318591044e-06,
            -4.652303460070004e-06,
            -2.1982274019374903e-06,
            3.0526432427919836e-06,
            1.0106088438983063e-05,
            1.6223019966767792e-05,
            1.7934034977062487e-05,
            1.2982618001054418e-05,
            1.881959641036028e-06,
            -1.2063016916810063e-05,
            -2.415485917407702e-05,
            -3.0054901189751777e-05,
            -2.7077254674730566e-05,
            -1.5011064794369888e-05,
            3.404739037535045e-06,
            2.2775433697337237e-05,
            3.6641229150921834e-05,
            3.9990328831284855e-05,
            3.133079650547381e-05,
            1.3128224093381164e-05,
            -9.342595762982226e-06,
            -2.9742947127121666e-05,
            -4.226628621037424e-05,
            -4.3076467219492294e-05,
            -3.162225955585431e-05,
            -1.1214516133749207e-05,
            1.191112667681087e-05,
            3.0894636706906355e-05,
            4.066402702109046e-05,
            3.921937689870915e-05,
            2.7628937784292035e-05,
            9.410359233288503e-06,
            -1.0281832870367337e-05,
            -2.5884325977946904e-05,
            -3.3173665361500124e-05,
            -3.081033675129604e-05,
            -2.0633060613960696e-05,
            -6.506834604768705e-06,
            7.347282283765079e-06,
            1.749937555505874e-05,
            2.179150578722328e-05,
            1.9659664920162437e-05,
            1.2429427942502936e-05,
            3.045865353546758e-06,
            -5.117780838100452e-06,
            -9.762814159935498e-06,
            -1.0394180282073989e-05,
            -7.913838924696335e-06,
            -3.773074262927819e-06,
            5.066648627805226e-07,
            3.4635593249821555e-06,
            4.034306937349934e-06,
            2.1757904670824644e-06,
            -9.026227439094445e-07,
            -3.4134470031645486e-06,
            -4.110265909647487e-06,
            -2.8586934717093088e-06,
            -3.045509804878453e-07,
            2.733632161059479e-06,
            5.441623688198351e-06,
            6.880989961110676e-06,
            6.196707295066103e-06,
            3.264146149981758e-06,
            -9.327679706100402e-07,
            -4.7874137379654976e-06,
            -7.041949831127112e-06,
            -7.310079040937469e-06,
            -5.814446771613004e-06,
            -2.9396190828047586e-06,
            7.582777786730326e-07,
            4.288508139316181e-06,
            6.405500873134196e-06,
            6.3468766293870636e-06,
            4.391434086865388e-06,
            1.5814184180178228e-06,
            -1.081866432116007e-06
        ],
        [
            7.115612412889268e-07,
            -2.4359365740984944e-07,
            -1.3158871607707064e-06,
            -2.2494461469555433e-06,
            -2.8107158462139327e-06,
            -2.6922601384080383e-06,
            -1.6902057997452322e-06,
            -7.273947661511936e-09,
            1.737597053819852e-06,
            2.898892368818137e-06,
            3.2058063427302273e-06,
            2.773770016543519e-06,
            1.8165636257074286e-06,
            4.875387179923115e-07,
            -9.841459940051807e-07,
            -2.163272083152464e-06,
            -2.600068637754146e-06,
            -2.1946456409764847e-06,
            -1.2887658097257508e-06,
            -3.4942198544566217e-07,
            3.877526329269641e-07,
            9.242113721699806e-07,
            1.2417934958197207e-06,
            1.2008776848898527e-06,
            7.468621906293284e-07,
            1.0946200615539836e-07,
            -3.385739466878693e-07,
            -4.302997126264094e-07,
            -3.2306214888352465e-07,
            -2.429537340562533e-07,
            -2.0050078540183817e-07,
            -4.402425369126244e-08,
            2.536237544022195e-07,
            4.94984217413841e-07,
            4.900008412247784e-07,
            2.9513469575006134e-07,
            1.2071656053621368e-07,
            3.1494423177424e-08,
            -1.3746637942266104e-07,
            -5.213090996565501e-07,
            -9.720502045168364e-07,
            -1.1665215426196404e-06,
            -9.486307161182532e-07,
            -4.6447579067148623e-07,
            6.379332783365847e-08,
            5.927551939264737e-07,
            1.1880817033191628e-06,
            1.7491325486489804e-06,
            1.951401050707181e-06,
            1.5372447241442746e-06,
            6.042625390854021e-07,
            -4.745270263604979e-07,
            -1.3881719206137994e-06,
            -2.049008152881675e-06,
            -2.418962263971547e-06,
            -2.3294905177473657e-06,
            -1.6122613255073727e-06,
            -3.6006757115712244e-07,
            1.033415452353814e-06,
            2.09653497977434e-06,
            2.589600944750769e-06,
            2.636917247540134e-06,
            2.4892569293880664e-06,
            2.1397224021879504e-06,
            1.2655744937684307e-06,
            -3.891630575649165e-07,
            -2.60744475050881e-06,
            -4.715264994508786e-06,
            -5.964056066106765e-06,
            -5.849497779916578e-06,
            -4.1511037425804354e-06,
            -9.142759225161069e-07,
            3.3799646782720973e-06,
            7.634885086716329e-06,
            1.0361864139983963e-05,
            1.035415746904927e-05,
            7.322734636956863e-06,
            1.9999821856476935e-06,
            -4.248212826852582e-06,
            -9.864048539787945e-06,
            -1.3356095174899795e-05,
            -1.3558099781184388e-05,
            -1.0074344125906851e-05,
            -3.6717090555951527e-06,
            3.839893535147378e-06,
            1.031267869345653e-05,
            1.407405108958191e-05,
            1.4327742079117079e-05,
            1.112049407270091e-05,
            5.2280496183110465e-06,
            -1.8888178355422485e-06,
            -8.30783378175462e-06,
            -1.225480409854624e-05,
            -1.281998551736078e-05,
            -1.023870808966584e-05,
            -5.564104118454518e-06,
            -1.1547492100158223e-07,
            4.848036878579448e-06,
            8.223601888180012e-06,
            9.24502558396555e-06,
            7.820882199626186e-06,
            4.684420299277556e-06,
            1.0519128914307242e-06,
            -2.0012034840020904e-06,
            -3.919361495035648e-06,
            -4.585466306884424e-06,
            -4.084556907330397e-06,
            -2.6762239850309624e-06,
            -9.064795707272184e-07,
            4.995247691312626e-07,
            1.0423832695925332e-06,
            7.714231785314725e-07,
            1.6139884613989014e-07,
            -3.169846827994498e-07,
            -4.6010521931655276e-07,
            -2.3273842628412255e-07,
            4.0379934250192864e-07,
            1.412888909621241e-06,
            2.4686648605155083e-06,
            2.9991887723801665e-06,
            2.573605170936439e-06,
            1.245852354224872e-06,
            -5.210954912917256e-07,
            -2.2273281144247336e-06,
            -3.5566051453482333e-06,
            -4.272806798381419e-06,
            -4.088349728911328e-06,
            -2.818139582144891e-06,
            -6.812236705010852e-07,
            1.6724940467634192e-06,
            3.528782723684262e-06,
            4.4969187824742705e-06,
            4.532108919781425e-06,
            3.6880830727142062e-06,
            2.0174080210300812e-06,
            -2.3794535815467868e-07,
            -2.4921507370248163e-06,
            -4.028896873332186e-06,
            -4.433900830573473e-06,
            -3.783482223184929e-06,
            -2.421299155948856e-06,
            -6.578749182482196e-07,
            1.2392216710020764e-06,
            2.8617161930924907e-06,
            3.683044943907142e-06,
            3.3929974521248485e-06,
            2.179400067391477e-06,
            5.994759828266256e-07,
            -8.261918922414972e-07,
            -1.8440824179457224e-06,
            -2.3460407128931144e-06,
            -2.1961521538219784e-06,
            -1.332788281706862e-06,
            -2.0899404867158494e-08,
            1.1554818888398947e-06,
            1.6666132703291506e-06,
            1.3996736578646554e-06,
            6.269417115682203e-07,
            -3.1726179221222814e-07,
            -1.2203780351928934e-06,
            -1.8738955723000839e-06,
            -1.9531398120259006e-06,
            -1.199777739752204e-06,
            2.4850899126443557e-07,
            1.8178720678266487e-06,
            2.8665424339445253e-06,
            3.081521185432979e-06,
            2.5145836558908086e-06,
            1.3580475186638182e-06,
            -1.6590055407575235e-07,
            -1.7584270237643772e-06,
            -3.098455089193465e-06,
            -4.0035237025691465e-06,
            -4.415851862605499e-06,
            -4.176759878779986e-06,
            -2.9167139098880123e-06,
            -2.655284813037889e-07,
            3.730413437638199e-06,
            8.202254136587104e-06,
            1.1402624049443943e-05,
            1.133376630531037e-05,
            6.884556979739961e-06,
            -1.2748142492517284e-06,
            -1.071982156699039e-05,
            -1.8194960524151538e-05,
            -2.0816017195594617e-05,
            -1.701048883742031e-05,
            -7.078573904015821e-06,
            6.6146622902858505e-06,
            2.0028072226196397e-05,
            2.8636609009940397e-05,
            2.9132714805540925e-05,
            2.0794522575010494e-05,
            5.775409873395713e-06,
            -1.171011093166442e-05,
            -2.6720437117622102e-05,
            -3.490523878358226e-05,
            -3.365178864942481e-05,
            -2.2969721844029282e-05,
            -5.742044538899013e-06,
            1.306224566129123e-05,
            2.8064559121089343e-05,
            3.525220452131068e-05,
            3.303948935012484e-05,
            2.2404478066904722e-05,
            6.424297519813122e-06,
            -1.0508850052973498e-05,
            -2.379458791535768e-05,
            -2.9986541428754905e-05,
            -2.791684864827358e-05,
            -1.894430095136741e-05,
            -6.1936472136242e-06,
            6.669749719560248e-06,
            1.6456201085331186e-05,
            2.1050086729021022e-05,
            1.9779152452792132e-05,
            1.3603799387323922e-05,
            4.8573218442285965e-06,
            -3.616928625802186e-06,
            -9.5539716542058e-06,
            -1.1922759175666175e-05,
            -1.0876302197751637e-05,
            -7.326930916187824e-06,
            -2.5965684839186055e-06,
            1.8162689913380269e-06,
            4.606205555475681e-06,
            5.172731696694124e-06,
            3.879326365354952e-06,
            1.7434208556291787e-06,
            -2.1683663287024682e-07,
            -1.4214743637902133e-06,
            -1.7052325094149727e-06,
            -1.1139672280615242e-06,
            1.1768577503561638e-07,
            1.4658160084919636e-06,
            2.241303851012602e-06,
            2.0043359856362395e-06,
            8.82001107997151e-07,
            -5.697548619134239e-07,
            -1.8073214160761637e-06,
            -2.5637358069020174e-06,
            -2.7438560370957416e-06,
            -2.24959370774479e-06,
            -1.0674927478348886e-06,
            4.983583565574793e-07,
            1.8513334606381557e-06,
            2.4826072650520664e-06,
            2.3202384255691708e-06,
            1.6649104391218747e-06,
            8.329054293869054e-07
        ]
    ],
    [
        [
            5.072472565301599e-07,
            -1.0921227522071043e-06,
            -2.4788517130063593e-06,
            -2.8972455024713587e-06,
            -2.028899441231064e-06,
            -3.6007082045127774e-07,
            1.2354306868557699e-06,
            2.2076611974192896e-06,
            2.5165043044291483e-06,
            2.2259896783253974e-06,
            1.2220714608655634e-06,
            -4.887766082462555e-07,
            -2.352431408727427e-06,
            -3.440589953863435e-06,
            -3.178426766871915e-06,
            -1.8050039209088438e-06,
            -4.418626829261271e-08,
            1.5556543831103527e-06,
            2.8074256147342153e-06,
            3.5223288442491058e-06,
            3.2969089967996844e-06,
            1.891630416221998e-06,
            -2.699209729870619e-07,
            -2.229376718311598e-06,
            -3.217973398341758e-06,
            -3.1634160263687536e-06,
            -2.4494485849985907e-06,
            -1.3583871318309474e-06,
            3.657550148342093e-08,
            1.4857835073594628e-06,
            2.3892569225420557e-06,
            2.2312397414490198e-06,
            1.096314840838275e-06,
            -3.7770171980483016e-07,
            -1.420397008402251e-06,
            -1.3770353396743095e-06,
            1.6897748875768544e-07,
            3.0245508808869785e-06,
            5.967331599318029e-06,
            7.005453064922759e-06,
            4.542313208151402e-06,
            -1.3812056778509553e-06,
            -8.858072707293683e-06,
            -1.5053970248148608e-05,
            -1.7449899368385512e-05,
            -1.4588153642349003e-05,
            -6.366794781283233e-06,
            5.697487466060144e-06,
            1.8368835369125146e-05,
            2.739477953997902e-05,
            2.915423658987503e-05,
            2.2349383998230253e-05,
            8.57825069427419e-06,
            -8.438693429281805e-06,
            -2.4173437079408403e-05,
            -3.437320150077478e-05,
            -3.592745558588564e-05,
            -2.7834010180374188e-05,
            -1.1963642578151449e-05,
            7.202527373891573e-06,
            2.414704305355747e-05,
            3.435436218679552e-05,
            3.559375088176395e-05,
            2.8057711853893407e-05,
            1.3930426081272724e-05,
            -3.074857469626546e-06,
            -1.8398277459370223e-05,
            -2.7914249923864018e-05,
            -2.9445592225794036e-05,
            -2.349718108995098e-05,
            -1.2659725492198167e-05,
            -2.705269840485611e-07,
            1.0626790334007599e-05,
            1.768497091638273e-05,
            1.9510274781479445e-05,
            1.6123577541154984e-05,
            9.18665600893133e-06,
            1.3739326307067106e-06,
            -4.901489574648546e-06,
            -8.42458834894565e-06,
            -9.141088585466251e-06,
            -7.561587852739068e-06,
            -4.437120605406421e-06,
            -8.503209974085045e-07,
            1.8796189429422937e-06,
            2.823714546312993e-06,
            2.069858159575778e-06,
            5.89976182764186e-07,
            -5.889318920589167e-07,
            -1.039864238252936e-06,
            -8.318157057895007e-07,
            -6.191287488923816e-08,
            1.2222631659002616e-06,
            2.6653264367129378e-06,
            3.5001301336293824e-06,
            3.0780092225349316e-06,
            1.4910493041833402e-06,
            -4.879373689792023e-07,
            -2.104094415501947e-06,
            -3.130703472707748e-06,
            -3.6598132188462583e-06,
            -3.609416655206785e-06,
            -2.7109310972994823e-06,
            -1.0002321028170454e-06,
            9.235946566853581e-07,
            2.323629594985963e-06,
            2.949167285353933e-06,
            3.077710583467797e-06,
            2.9636243299834946e-06,
            2.463500509780834e-06,
            1.312021549273476e-06,
            -4.150320322980281e-07,
            -2.274842841084095e-06,
            -3.71682628538514e-06,
            -4.165046488702289e-06,
            -3.0580244293390416e-06,
            -2.639355134917675e-07,
            3.3487599075690795e-06,
            5.9778369548317395e-06,
            5.899506672733526e-06,
            2.66797859498053e-06,
            -2.5577366076850527e-06,
            -7.733193941132809e-06,
            -1.0896866267696826e-05,
            -1.0682256090743662e-05,
            -6.510415760000155e-06,
            1.0674266693835452e-06,
            1.002227149956846e-05,
            1.7206177249384926e-05,
            1.9660880343797424e-05,
            1.607903967259492e-05,
            7.334427312307706e-06,
            -4.12012256016992e-06,
            -1.5226352987045026e-05,
            -2.2992090299076213e-05,
            -2.4997578895762355e-05,
            -2.015732556466103e-05,
            -9.499019250488116e-06,
            3.869179461931748e-06,
            1.5953319635867912e-05,
            2.3490037788924896e-05,
            2.4887243821958108e-05,
            2.0202886666644414e-05,
            1.079163669425997e-05,
            -9.016366981042061e-07,
            -1.1763604255717952e-05,
            -1.8991929036858116e-05,
            -2.10437157639956e-05,
            -1.783425118115678e-05,
            -1.0389949724284106e-05,
            -6.05678275975743e-07,
            8.852708728930646e-06,
            1.5078059909215294e-05,
            1.6082957071350407e-05,
            1.1849659720204951e-05,
            4.3253508129716035e-06,
            -3.6515215668339177e-06,
            -9.561427226204386e-06,
            -1.1783170164585893e-05,
            -9.698472732884153e-06,
            -3.868236929205375e-06,
            3.7657168166347566e-06,
            1.0287566150059207e-05,
            1.3044592856511436e-05,
            1.0952598140426667e-05,
            4.859487361607616e-06,
            -3.1503355598668654e-06,
            -1.0695158416016802e-05,
            -1.5606807338058896e-05,
            -1.6202776374858416e-05,
            -1.1818882762051262e-05,
            -3.442681013254812e-06,
            6.327595188297382e-06,
            1.4342614633302334e-05,
            1.828532308119327e-05,
            1.7357075132391987e-05,
            1.2056383253885689e-05,
            3.721820689067881e-06,
            -5.6319001135791386e-06,
            -1.3478423413869708e-05,
            -1.7487545976808164e-05,
            -1.6580019586293894e-05,
            -1.1439459374109224e-05,
            -3.979255560380702e-06,
            3.693938158994792e-06,
            9.90129064262836e-06,
            1.3405225376773968e-05,
            1.3415301971800746e-05,
            9.979224631484612e-06,
            4.3089593982041765e-06,
            -1.6273381794507123e-06,
            -6.116968565167604e-06,
            -8.423062666413437e-06,
            -8.640522071576437e-06,
            -7.116625670001163e-06,
            -4.240008315127487e-06,
            -6.992081989203618e-07,
            2.44649049562415e-06,
            4.286487282912889e-06,
            4.669927028119357e-06,
            4.1504957709678825e-06,
            3.3037534899621445e-06,
            2.2396535348775534e-06,
            8.384360588734473e-07,
            -7.298769057495564e-07,
            -1.976148309048685e-06,
            -2.5927928868323825e-06,
            -2.7600872154643824e-06,
            -2.801618892144829e-06,
            -2.654056976060641e-06,
            -1.877628201657027e-06,
            -2.08709511392098e-07,
            1.9476948344194784e-06,
            3.5975159085635907e-06,
            3.860705999781003e-06,
            2.7025488326721436e-06,
            9.164544793425022e-07,
            -6.147037870296822e-07,
            -1.52730538739803e-06,
            -1.8725452943695508e-06,
            -1.676166774177385e-06,
            -8.909869708967152e-07,
            2.228581603818474e-07,
            9.728604053332862e-07,
            7.510553578550832e-07,
            -3.355928329323919e-07,
            -1.5080479659810404e-06,
            -2.0174967989407014e-06,
            -1.6914996356002146e-06,
            -7.741702074580451e-07,
            5.419730732389718e-07,
            2.163374942519721e-06,
            3.7056197232344903e-06,
            4.371141882686256e-06,
            3.4913724273749342e-06,
            1.1963839782973732e-06,
            -1.5969351316259662e-06,
            -3.883931337543514e-06,
            -5.151022326719638e-06,
            -5.282305412342805e-06,
            -4.177733794408416e-06,
            -1.7898879236553654e-06,
            1.4269824557174314e-06,
            4.380838593523053e-06,
            5.928170624479335e-06,
            5.64403031505467e-06,
            3.948750963432366e-06,
            1.548422195415282e-06,
            -1.0509344872853745e-06,
            -3.437776676873209e-06
        ],
        [
            -1.8416959938678105e-06,
            -2.236591345566097e-06,
            -2.2049729994868754e-06,
            -1.5544988217029746e-06,
            -3.057969853842879e-07,
            1.1440100905785747e-06,
            2.2472615881726732e-06,
            2.690896536135045e-06,
            2.505761453329654e-06,
            1.8361821623116554e-06,
            7.418118628903742e-07,
            -6.893538333736976e-07,
            -2.116857379649983e-06,
            -3.0085071418157415e-06,
            -3.008163560961824e-06,
            -2.19757549181269e-06,
            -9.518958153185224e-07,
            4.009761911599526e-07,
            1.690386175511127e-06,
            2.7174687471264333e-06,
            3.138130258478832e-06,
            2.675166268255546e-06,
            1.4334355434626312e-06,
            -1.0067878496930285e-07,
            -1.4139875477403502e-06,
            -2.2717342339377533e-06,
            -2.6629608264904708e-06,
            -2.562875846026099e-06,
            -1.902509133961412e-06,
            -7.890348538705861e-07,
            3.8866060571224577e-07,
            1.2008420216468827e-06,
            1.500733846258916e-06,
            1.4595784809316823e-06,
            1.3656721589735343e-06,
            1.4812904608831363e-06,
            1.9794767785221176e-06,
            2.775151128659371e-06,
            3.322107960357138e-06,
            2.7337840734933756e-06,
            3.6404448385636633e-07,
            -3.5584577634170215e-06,
            -7.824045163241241e-06,
            -1.0778637302415285e-05,
            -1.1052558722040976e-05,
            -8.013860855358124e-06,
            -1.9158853622157603e-06,
            6.0421944065907426e-06,
            1.3763706850947595e-05,
            1.8711755587651607e-05,
            1.885007209422341e-05,
            1.3596729333751492e-05,
            4.14643973422428e-06,
            -7.0044276322811706e-06,
            -1.6905105061196588e-05,
            -2.2897894889399716e-05,
            -2.3194559055980314e-05,
            -1.7412030288971762e-05,
            -6.927010356167546e-06,
            5.357826394935158e-06,
            1.5975502295494584e-05,
            2.2125971744448508e-05,
            2.2487175442882956e-05,
            1.7332477717517233e-05,
            8.228736742055939e-06,
            -2.360264193366612e-06,
            -1.1590158847115055e-05,
            -1.7023418496412603e-05,
            -1.7489073260794222e-05,
            -1.3476897174404084e-05,
            -6.75389617641835e-06,
            4.939027246401983e-07,
            6.3890779119291625e-06,
            9.685084941723465e-06,
            9.887101525669043e-06,
            7.381268872232291e-06,
            3.409528664831517e-06,
            -3.8783903836426087e-07,
            -2.7357047371458663e-06,
            -3.25353253307886e-06,
            -2.375928957093715e-06,
            -8.735157057441251e-07,
            5.250049173799019e-07,
            1.2280983689950877e-06,
            8.445895811103037e-07,
            -5.912866069270069e-07,
            -2.4537500236862625e-06,
            -3.7665122532173323e-06,
            -3.7862501991835765e-06,
            -2.4314087730548476e-06,
            -2.0102436437526708e-07,
            2.2222110965741758e-06,
            4.2319253501159604e-06,
            5.297887393492139e-06,
            4.996821938985165e-06,
            3.265900757038365e-06,
            6.254119502532369e-07,
            -1.9999962314810367e-06,
            -3.806399211428432e-06,
            -4.502314136501138e-06,
            -4.233765426241861e-06,
            -3.2479198996663796e-06,
            -1.7400162118551152e-06,
            1.67773743023991e-08,
            1.5872506897431412e-06,
            2.581300012118166e-06,
            2.93992142925638e-06,
            2.913034237608844e-06,
            2.7184595837288735e-06,
            2.2951967473035815e-06,
            1.4378317951662466e-06,
            9.404644234369546e-08,
            -1.5369515256624595e-06,
            -3.091211107604469e-06,
            -4.0919821605008485e-06,
            -4.014206065247579e-06,
            -2.56747678139639e-06,
            -8.208476701848727e-08,
            2.443651222619904e-06,
            3.851224185060658e-06,
            3.5221990990267994e-06,
            1.6853255198240941e-06,
            -8.349403997332611e-07,
            -3.0635205611001777e-06,
            -4.143221823403705e-06,
            -3.473573134848934e-06,
            -9.591880897058795e-07,
            2.7039861604815336e-06,
            6.10084500922243e-06,
            7.710364143064957e-06,
            6.684918631742662e-06,
            3.2127853075058956e-06,
            -1.7019267585303032e-06,
            -6.68709581733903e-06,
            -1.0320846542380198e-05,
            -1.1370421749725678e-05,
            -9.17997896323986e-06,
            -4.112679207573994e-06,
            2.3873825136798106e-06,
            8.344673299176178e-06,
            1.2075784099315768e-05,
            1.2711417602096482e-05,
            1.0222893630354582e-05,
            5.257564505086377e-06,
            -9.520630297997543e-07,
            -6.784703734711258e-06,
            -1.073125818038159e-05,
            -1.1910246637255232e-05,
            -1.0205425145754215e-05,
            -6.104111662403647e-06,
            -5.781481718776057e-07,
            4.949292599009555e-06,
            8.856414421363962e-06,
            9.933800026694965e-06,
            7.989760044902507e-06,
            3.930712737580098e-06,
            -7.497143864026482e-07,
            -4.615853278655087e-06,
            -6.643406355830207e-06,
            -6.319164370690362e-06,
            -3.7640289761590643e-06,
            1.2257125686452356e-07,
            3.828373554146494e-06,
            5.8574605368082145e-06,
            5.455881697759638e-06,
            2.885116000928255e-06,
            -8.75505177419067e-07,
            -4.60634983178688e-06,
            -7.139627265318943e-06,
            -7.529932502986523e-06,
            -5.353344292094271e-06,
            -1.068374716073996e-06,
            3.965722684931848e-06,
            8.028171906926982e-06,
            9.803243752513107e-06,
            8.820461755322506e-06,
            5.395311670101943e-06,
            3.822691348116691e-07,
            -4.96413101567502e-06,
            -9.133400663039857e-06,
            -1.0781665896606357e-05,
            -9.341166178510786e-06,
            -5.336270881064716e-06,
            -9.69295106147371e-08,
            4.876018100161686e-06,
            8.37920866094384e-06,
            9.63295140820309e-06,
            8.328693707325614e-06,
            4.804988702757513e-06,
            1.4233342705837976e-07,
            -4.159231841191639e-06,
            -6.843423286456267e-06,
            -7.40020371145852e-06,
            -6.049386979891171e-06,
            -3.388143272052754e-06,
            -1.4163166293915913e-07,
            2.8607251651952005e-06,
            4.76878179631404e-06,
            5.051573524499662e-06,
            3.835829018718067e-06,
            1.8322883928487673e-06,
            -1.4502238986319613e-07,
            -1.606080523031515e-06,
            -2.4050931981465707e-06,
            -2.5146631059995422e-06,
            -1.9540547120081617e-06,
            -9.438377943495263e-07,
            4.250435879448212e-08,
            5.524090987655981e-07,
            5.07801715361877e-07,
            2.382904831266401e-07,
            1.6141356037093766e-07,
            4.183405933741591e-07,
            7.71070334401909e-07,
            8.610186523799724e-07,
            5.789646234420046e-07,
            1.3483216557149616e-07,
            -2.214396809084717e-07,
            -4.40033467003984e-07,
            -5.820750383272709e-07,
            -5.891731611041763e-07,
            -2.946904490947723e-07,
            2.9997207449624083e-07,
            8.704129774945894e-07,
            9.984950784822345e-07,
            5.505700111390083e-07,
            -2.3352550386905437e-07,
            -1.0102216276887901e-06,
            -1.5883342945504696e-06,
            -1.8787634897001216e-06,
            -1.7117228960316978e-06,
            -8.879110548719697e-07,
            5.249625029506088e-07,
            2.0422018531286054e-06,
            3.024395191926363e-06,
            3.1113413805321298e-06,
            2.37163504298693e-06,
            1.0797383950732612e-06,
            -5.169618090010454e-07,
            -2.1515177190738046e-06,
            -3.3846172287021344e-06,
            -3.7090947153802748e-06,
            -2.915384756430687e-06,
            -1.3106055452572853e-06,
            4.909506590385001e-07,
            1.9796042446156483e-06,
            2.9226424438091474e-06,
            3.2113199294156355e-06,
            2.725741233944036e-06,
            1.4770023790334881e-06
        ]
    ],
    [
        [
            -7.829882620855118e-06,
            -4.504105392168108e-06,
            -1.1958568491497075e-06,
            9.313049298198299e-07,
            1.7091787380189518e-06,
            1.628939208830629e-06,
            1.1825871097594515e-06,
            6.675269162998486e-07,
            4.4923754813736176e-07,
            1.0049275756302163e-06,
            2.450265559784778e-06,
            4.1260269188623e-06,
            4.917147127248937e-06,
            4.0994876317051626e-06,
            1.8297427267015159e-06,
            -1.1684217984396967e-06,
            -4.198109192091386e-06,
            -6.726570747554007e-06,
            -8.10982377912603e-06,
            -7.594047211664529e-06,
            -4.8771578100950995e-06,
            -6.224053589955105e-07,
            3.7878123080168404e-06,
            7.088037961559071e-06,
            8.687146726636705e-06,
            8.495771883149143e-06,
            6.524653656260636e-06,
            2.943195385218303e-06,
            -1.5098042642478653e-06,
            -5.507007793809555e-06,
            -7.804964455308265e-06,
            -7.973742250653998e-06,
            -6.4153431995982085e-06,
            -3.7691352920276003e-06,
            -5.065378075436467e-07,
            2.872307814781333e-06,
            5.542000916290859e-06,
            6.614721414306082e-06,
            5.803236537707283e-06,
            3.67794473956389e-06,
            1.1593297586661523e-06,
            -1.1569145288150804e-06,
            -3.0798555953455224e-06,
            -4.385920730750373e-06,
            -4.627203920103193e-06,
            -3.546801000706648e-06,
            -1.5450730568997967e-06,
            5.036118884056971e-07,
            1.940112661852146e-06,
            2.6962386203784167e-06,
            2.961897028638446e-06,
            2.693032626199686e-06,
            1.6765891104802455e-06,
            4.3851352920609875e-08,
            -1.5413359649194725e-06,
            -2.3757681517905413e-06,
            -2.3158470014298807e-06,
            -1.7430505855760418e-06,
            -9.936910464260222e-07,
            -4.301089281663502e-08,
            1.1654501516061336e-06,
            2.2812557526687487e-06,
            2.6964759878436505e-06,
            2.1543422741746316e-06,
            1.0242726255421847e-06,
            -1.2589811474767055e-07,
            -1.093733783261687e-06,
            -2.025645031561013e-06,
            -2.9502798687931817e-06,
            -3.577880140237355e-06,
            -3.53615861264259e-06,
            -2.543184380928041e-06,
            -3.625905474188538e-07,
            3.0232415786181273e-06,
            6.9064459012654415e-06,
            9.656212171983491e-06,
            9.430726115115132e-06,
            5.4234550885887315e-06,
            -1.441319219289496e-06,
            -8.949936609052058e-06,
            -1.4651865296395524e-05,
            -1.6634862408460695e-05,
            -1.3828128450078069e-05,
            -6.29227346046481e-06,
            4.353639047858112e-06,
            1.4959927968793755e-05,
            2.1882123096465182e-05,
            2.256425559028122e-05,
            1.6559862464115606e-05,
            5.591158723206803e-06,
            -6.994565642591666e-06,
            -1.72951695695318e-05,
            -2.2370036871645573e-05,
            -2.1383107804998715e-05,
            -1.55371400243036e-05,
            -7.008824070874654e-06,
            2.0798108741689088e-06,
            9.985109598332756e-06,
            1.5292076087252633e-05,
            1.712552556025874e-05,
            1.556511125531902e-05,
            1.1615754408685705e-05,
            6.508941043955006e-06,
            9.93721152562744e-07,
            -4.635954385518174e-06,
            -9.928743589234136e-06,
            -1.3946819771678654e-05,
            -1.5678166760162267e-05,
            -1.4671081310439609e-05,
            -1.114046577957294e-05,
            -5.576194587906557e-06,
            1.4485795914368227e-06,
            8.955322619889853e-06,
            1.5292033052809915e-05,
            1.8591680173106564e-05,
            1.774799758883183e-05,
            1.2993431512439297e-05,
            5.587773064191872e-06,
            -2.877558561743009e-06,
            -1.0800466214279803e-05,
            -1.651066143202992e-05,
            -1.8475548536246666e-05,
            -1.6016295963470173e-05,
            -9.895651168588002e-06,
            -2.03823396792695e-06,
            5.453895398392829e-06,
            1.1083560656481341e-05,
            1.4008792124978953e-05,
            1.3787404527532894e-05,
            1.0476810752334184e-05,
            4.999936531285952e-06,
            -9.308523544340167e-07,
            -5.603601429434498e-06,
            -8.150329275054502e-06,
            -8.642953460682624e-06,
            -7.516987814522368e-06,
            -5.136391185821381e-06,
            -1.9526700499383592e-06,
            1.2080993121899577e-06,
            3.388307290436239e-06,
            4.14203329582283e-06,
            3.7997228108015826e-06,
            2.9955163480217865e-06,
            2.0380630793177886e-06,
            8.805600641760563e-07,
            -3.8638980490504124e-07,
            -1.2959860669753618e-06,
            -1.4128535993984955e-06,
            -8.509658331597132e-07,
            -1.8284745379281802e-07,
            1.6489017585253224e-07,
            2.484917405836145e-07,
            2.804075005919528e-07,
            1.626710144254471e-07,
            -4.183668348699247e-07,
            -1.4438704345246132e-06,
            -2.3407821263512174e-06,
            -2.459517563687518e-06,
            -1.6847651930862532e-06,
            -4.3126304999679823e-07,
            9.013648259384263e-07,
            2.2436413642076862e-06,
            3.546163221247185e-06,
            4.366649832911987e-06,
            4.052094899987087e-06,
            2.393102662344162e-06,
            -6.119339142743294e-08,
            -2.43672105018479e-06,
            -4.171654474763683e-06,
            -5.108337734809592e-06,
            -5.093020559784683e-06,
            -3.816542561637349e-06,
            -1.2440703807189025e-06,
            1.929215341940822e-06,
            4.512396771499421e-06,
            5.608055036796522e-06,
            5.108308815294364e-06,
            3.4358536275684472e-06,
            1.0216561560567051e-06,
            -1.7714021143121896e-06,
            -4.357582031761097e-06,
            -5.928065629554198e-06,
            -5.863366398922632e-06,
            -3.997092793645253e-06,
            -5.230698627579957e-07,
            4.006234944624404e-06,
            8.393509498047251e-06,
            1.0775028564954095e-05,
            9.411602632130833e-06,
            3.9057520975761486e-06,
            -4.228472064657434e-06,
            -1.2203247744707246e-05,
            -1.7224589125606862e-05,
            -1.7420499364761702e-05,
            -1.2161482138545418e-05,
            -2.219311272134433e-06,
            1.0028830625159357e-05,
            2.086002342040431e-05,
            2.6416632549892944e-05,
            2.4407265931226555e-05,
            1.5134663270282025e-05,
            1.1968970583535114e-06,
            -1.3643858241048287e-05,
            -2.5512912168547282e-05,
            -3.113565680682748e-05,
            -2.8597288487262376e-05,
            -1.8223841304610184e-05,
            -2.896091464805826e-06,
            1.2861438442788163e-05,
            2.4659080770715388e-05,
            2.972701414775216e-05,
            2.7346197070571544e-05,
            1.85319851183589e-05,
            5.669858624917837e-06,
            -7.814887492342542e-06,
            -1.8238202918643017e-05,
            -2.296175385665774e-05,
            -2.1430851334043825e-05,
            -1.510529193501933e-05,
            -6.416579081634347e-06,
            2.2840036873508605e-06,
            9.127788089794772e-06,
            1.2772365206975102e-05,
            1.2671323863529781e-05,
            9.475893068043732e-06,
            4.892684099951305e-06,
            7.673165460455974e-07,
            -1.8942937160964731e-06,
            -3.1051269375702454e-06,
            -3.313025665423119e-06,
            -2.880377393021137e-06,
            -2.1389180774791862e-06,
            -1.6158472790653104e-06,
            -1.806775347026003e-06,
            -2.6253647610042105e-06,
            -3.2851461897304667e-06,
            -2.931785710276466e-06,
            -1.3902293591446683e-06,
            7.846237350443264e-07,
            2.905783670141941e-06,
            4.6002109398366005e-06,
            5.640756369497235e-06,
            5.620965144153173e-06,
            4.137551213215923e-06,
            1.3615196078980947e-06,
            -1.7833965336543852e-06,
            -4.1992853804960035e-06,
            -5.350720440953368e-06,
            -5.359953957866169e-06,
            -4.49721680018971e-06
        ],
        [
            -1.976729339066592e-06,
            -1.2910002677144598e-06,
            -9.212669529278352e-07,
            -1.2229858841847388e-06,
            -1.983842672732387e-06,
            -2.6521394680644855e-06,
            -2.765959418939775e-06,
            -2.13847623403582e-06,
            -7.510443352859648e-07,
            1.3121293101469944e-06,
            3.7056070063473156e-06,
            5.702163765540136e-06,
            6.444302237039343e-06,
            5.457136546694022e-06,
            2.946251532987107e-06,
            -3.833915593142145e-07,
            -3.7277267284370325e-06,
            -6.3848124363559004e-06,
            -7.722900569212785e-06,
            -7.239410676844144e-06,
            -4.8639197047681755e-06,
            -1.2049621542151278e-06,
            2.635519111279769e-06,
            5.5984736163500625e-06,
            7.079291604062504e-06,
            6.9264951470428454e-06,
            5.245870517305821e-06,
            2.3750732969308376e-06,
            -9.887253956982265e-07,
            -3.863676983113371e-06,
            -5.40967816491448e-06,
            -5.368094609913754e-06,
            -4.0842179997084545e-06,
            -2.1387625918600723e-06,
            -2.4076276817719074e-08,
            1.8568702709837313e-06,
            3.074445752147541e-06,
            3.2824608127395005e-06,
            2.5062755259335795e-06,
            1.216959024146402e-06,
            1.0401092422135047e-08,
            -7.925386180248178e-07,
            -1.20400533195429e-06,
            -1.3043098238453517e-06,
            -1.06115850554148e-06,
            -4.6659141845264076e-07,
            2.5401233835080557e-07,
            7.245517327557165e-07,
            7.452012737340683e-07,
            4.5545198196930925e-07,
            1.2178217473117765e-07,
            -1.6765045786242974e-07,
            -5.055934780440679e-07,
            -8.954132257562013e-07,
            -1.1115098971303381e-06,
            -9.100521586912825e-07,
            -3.223337545333289e-07,
            3.6064193450589663e-07,
            8.901574564723769e-07,
            1.24899324248102e-06,
            1.5017314945180272e-06,
            1.5580154497144882e-06,
            1.2160815976043548e-06,
            4.4496417207536224e-07,
            -4.878105345027616e-07,
            -1.2401886813457448e-06,
            -1.6928348052263408e-06,
            -1.9437425809690544e-06,
            -2.056099159112516e-06,
            -1.940398885291682e-06,
            -1.473890497999062e-06,
            -5.898362504124846e-07,
            7.617375494272252e-07,
            2.554430639365539e-06,
            4.439131384432669e-06,
            5.623421414332678e-06,
            5.206401795524223e-06,
            2.808138067882076e-06,
            -1.0605840245656369e-06,
            -5.21599777206744e-06,
            -8.353179965087628e-06,
            -9.459427232205795e-06,
            -7.970425529562418e-06,
            -3.90999901697099e-06,
            1.8865127357096414e-06,
            7.763530760829203e-06,
            1.17635943547338e-05,
            1.2460275630993696e-05,
            9.526158652533832e-06,
            3.8021272938526863e-06,
            -2.964762168872409e-06,
            -8.676659722346823e-06,
            -1.1696858874067196e-05,
            -1.1490384726590802e-05,
            -8.630791902462064e-06,
            -4.2534397324149914e-06,
            5.069566029114111e-07,
            4.71604557926406e-06,
            7.6214914138756295e-06,
            8.75306833629964e-06,
            8.13280764437165e-06,
            6.265847308556535e-06,
            3.7814659832765767e-06,
            1.0529318806465141e-06,
            -1.8028612788131733e-06,
            -4.599558350864928e-06,
            -6.877096432330511e-06,
            -8.086934026322975e-06,
            -7.925178984338428e-06,
            -6.414877241197865e-06,
            -3.727209220469858e-06,
            -9.376994035638707e-08,
            4.013213386400905e-06,
            7.717007233421894e-06,
            9.957029421209829e-06,
            1.0012642830032206e-05,
            7.855976296920872e-06,
            4.044916365171335e-06,
            -6.141818767310816e-07,
            -5.23697816059933e-06,
            -8.843092106569814e-06,
            -1.0477053120737387e-05,
            -9.612220931297852e-06,
            -6.513589647762017e-06,
            -2.14805496825944e-06,
            2.3107499028610223e-06,
            5.92316755536483e-06,
            8.067695424835016e-06,
            8.356189037451887e-06,
            6.718247999305801e-06,
            3.6177989414580515e-06,
            2.9061656214018222e-08,
            -2.992643321641175e-06,
            -4.810722590496476e-06,
            -5.329752041797872e-06,
            -4.736330931748916e-06,
            -3.264976566183441e-06,
            -1.2478315156983103e-06,
            7.646231939277908e-07,
            2.1538915911560873e-06,
            2.601293161542756e-06,
            2.2649835658379086e-06,
            1.5497631133954165e-06,
            7.490698187147803e-07,
            -2.9230877513222937e-08,
            -6.552956606834381e-07,
            -8.729765916177151e-07,
            -5.134547524116864e-07,
            2.401787891052564e-07,
            9.238284053480746e-07,
            1.1616349353637594e-06,
            9.108125138966579e-07,
            3.335709331299391e-07,
            -4.619192806587352e-07,
            -1.4317710748017153e-06,
            -2.374989346597073e-06,
            -2.8625306612866227e-06,
            -2.5158683450082295e-06,
            -1.3469600059361074e-06,
            2.4569552806617944e-07,
            1.804877628496607e-06,
            3.0582331517240314e-06,
            3.832604280380122e-06,
            3.8722455077954825e-06,
            2.9250662856219464e-06,
            1.0583559973109672e-06,
            -1.204611224005878e-06,
            -3.152526574125575e-06,
            -4.2857354680750545e-06,
            -4.435382140874494e-06,
            -3.59173095327277e-06,
            -1.8045633050735451e-06,
            6.473454438853192e-07,
            3.0862195818024307e-06,
            4.634606610806642e-06,
            4.7126460753294305e-06,
            3.3629829313215242e-06,
            1.1137762016544344e-06,
            -1.385861088621746e-06,
            -3.5482729930219205e-06,
            -4.823504301630638e-06,
            -4.776410716182852e-06,
            -3.3174074076739317e-06,
            -7.82477894296754e-07,
            2.246341101311729e-06,
            5.1073650653091435e-06,
            7.035941964094448e-06,
            7.182946522050478e-06,
            4.965847870458473e-06,
            5.964153384579783e-07,
            -4.733744547098588e-06,
            -9.287134492933301e-06,
            -1.1521323421246253e-05,
            -1.0600534619267735e-05,
            -6.513515484062552e-06,
            -4.417633600526522e-08,
            7.243689514954852e-06,
            1.3220786776255908e-05,
            1.5848421549331708e-05,
            1.4053258220404818e-05,
            8.228870713350714e-06,
            1.7801966369988013e-08,
            -8.368482163357086e-06,
            -1.478091246867126e-05,
            -1.7533929378895623e-05,
            -1.5764009255621125e-05,
            -9.818220591586135e-06,
            -1.3585067173769774e-06,
            7.1484894639560095e-06,
            1.3378008425048568e-05,
            1.592759387349433e-05,
            1.4522783499495525e-05,
            9.802212378925895e-06,
            3.0717221554599776e-06,
            -3.893453715749536e-06,
            -9.236910712027876e-06,
            -1.1659342185528557e-05,
            -1.0926334232727686e-05,
            -7.815067177493385e-06,
            -3.5617521314809585e-06,
            6.884070010422504e-07,
            4.070507511062941e-06,
            5.973480400610063e-06,
            6.130197006204944e-06,
            4.813420580555275e-06,
            2.7961824226453607e-06,
            9.264686657938034e-07,
            -3.488172114321213e-07,
            -1.064202517538727e-06,
            -1.4240057609482305e-06,
            -1.5270302669723568e-06,
            -1.4140216767413162e-06,
            -1.240395370887018e-06,
            -1.2206479829147418e-06,
            -1.3661651324173067e-06,
            -1.3928675401322238e-06,
            -9.930543084791095e-07,
            -1.7869427415776736e-07,
            7.188051633979827e-07,
            1.3769061537519553e-06,
            1.719790814915164e-06,
            1.8062555798679901e-06,
            1.5987709103530166e-06,
            9.89650706219023e-07,
            6.260889442659916e-08,
            -8.036157981636977e-07,
            -1.2027480402984302e-06,
            -1.05416652073486e-06,
            -6.211273196406995e-07,
            -1.9859328502503256e-07
        ]
    ],
    [
        [
            -1.4843709025256062e-05,
            -1.6910789106797618e-05,
            -1.5134171184724784e-05,
            -1.0667103719101858e-05,
            -5.0887068446041275e-06,
            4.0937092858249804e-07,
            5.132912553015696e-06,
            8.492405762338767e-06,
            9.895387562116417e-06,
            9.173056598564324e-06,
            6.914926917418767e-06,
            4.115472714576491e-06,
            1.4502123088750133e-06,
            -9.79276175348054e-07,
            -3.1989981252748995e-06,
            -4.896096584249685e-06,
            -5.594674154630869e-06,
            -5.215736672474715e-06,
            -4.216016281310151e-06,
            -3.080060013486146e-06,
            -1.8377801532821805e-06,
            -2.514270359627552e-07,
            1.6077295008644883e-06,
            3.2104997747863695e-06,
            4.073282923797263e-06,
            4.236076432173223e-06,
            4.066829095195166e-06,
            3.6713256207496234e-06,
            2.7323672541997578e-06,
            1.0105604281422475e-06,
            -1.1738367524771311e-06,
            -3.1387046633284173e-06,
            -4.452426117240921e-06,
            -5.147683765337734e-06,
            -5.301870401642644e-06,
            -4.64280494787468e-06,
            -2.809617740660389e-06,
            2.7192338871746276e-08,
            3.0263252488237305e-06,
            5.256378928771097e-06,
            6.306916120284132e-06,
            6.241037041334046e-06,
            5.1158752747836345e-06,
            2.852692763021717e-06,
            -3.2748112885394895e-07,
            -3.567562710452712e-06,
            -5.754367074529768e-06,
            -6.2915516882502585e-06,
            -5.394037741930218e-06,
            -3.631090845734571e-06,
            -1.3810789506053104e-06,
            1.1250809270784806e-06,
            3.3939482948151903e-06,
            4.657186032183224e-06,
            4.449496406605407e-06,
            3.085507501271416e-06,
            1.3880161681129344e-06,
            -3.4872593875994145e-08,
            -1.1027558010619206e-06,
            -1.8873248241155547e-06,
            -2.1926014318280312e-06,
            -1.7395659281933347e-06,
            -6.947731788934499e-07,
            2.589269638171317e-07,
            5.203003771135413e-07,
            1.3109698546970335e-07,
            -3.871430112391652e-07,
            -6.674763464318144e-07,
            -7.693145758861324e-07,
            -8.399302937291928e-07,
            -7.967999123335432e-07,
            -4.709595297412312e-07,
            1.9268014452473844e-07,
            1.2523773601427938e-06,
            2.837126695781965e-06,
            4.7643509368585335e-06,
            6.105246060162065e-06,
            5.468379599727995e-06,
            2.0377477619213304e-06,
            -3.565484104987416e-06,
            -9.455466295051118e-06,
            -1.3476735188006932e-05,
            -1.4082105621105718e-05,
            -1.060059427894906e-05,
            -3.273589111232841e-06,
            6.500893931617451e-06,
            1.6037338994535692e-05,
            2.20371321817688e-05,
            2.203816861887558e-05,
            1.5643306104505427e-05,
            4.600570740842465e-06,
            -8.109277209954891e-06,
            -1.9264782142920435e-05,
            -2.597653609172716e-05,
            -2.617812158205187e-05,
            -1.9394153258427817e-05,
            -7.34689332886931e-06,
            6.418191760390458e-06,
            1.79574449829266e-05,
            2.4442111280460508e-05,
            2.477816077030472e-05,
            1.9356576848267384e-05,
            9.681501402375488e-06,
            -1.7769402694894099e-06,
            -1.1949714260274787e-05,
            -1.815408938363488e-05,
            -1.9215063238618428e-05,
            -1.5780458643894098e-05,
            -9.585818664067503e-06,
            -2.4524308266077354e-06,
            4.133015102420785e-06,
            8.925006497045073e-06,
            1.1001616497810091e-05,
            1.0234153538875706e-05,
            7.530843216478405e-06,
            4.302706217352781e-06,
            1.53684807451066e-06,
            -5.973723274562269e-07,
            -2.3088932464199296e-06,
            -3.597845621340712e-06,
            -4.2629120717998495e-06,
            -4.33474862078931e-06,
            -4.172225084586448e-06,
            -3.992091952729584e-06,
            -3.482662928291924e-06,
            -2.1186542558080376e-06,
            1.3995823070069173e-07,
            2.6340461864465356e-06,
            4.544745351265543e-06,
            5.504798165284127e-06,
            5.571635443838907e-06,
            4.760316964661983e-06,
            2.9131562541761103e-06,
            1.426706195749581e-07,
            -2.803689138590965e-06,
            -4.890482913464466e-06,
            -5.55158948865647e-06,
            -4.984843588735908e-06,
            -3.6951129954493377e-06,
            -1.945982377929746e-06,
            1.8398874888096816e-07,
            2.347133847394778e-06,
            3.853484991331435e-06,
            4.2065798991361865e-06,
            3.579520508409292e-06,
            2.577015404940369e-06,
            1.5639109051698746e-06,
            4.175683340836866e-07,
            -1.0180568104972976e-06,
            -2.445958303225929e-06,
            -3.290002187938788e-06,
            -3.2957135298774473e-06,
            -2.7383361183770724e-06,
            -1.9736618056051344e-06,
            -9.786724283869365e-07,
            4.6395314365891295e-07,
            2.195178460744271e-06,
            3.5447757427813614e-06,
            3.88353072005644e-06,
            3.1875594035267884e-06,
            1.9204846033528466e-06,
            4.53396005407563e-07,
            -1.1690856969062814e-06,
            -2.8467036229004587e-06,
            -4.056131943525849e-06,
            -4.133407713150835e-06,
            -2.931643379912428e-06,
            -1.0173305397173297e-06,
            8.580667917166185e-07,
            2.3416388244079454e-06,
            3.423079280106111e-06,
            3.95253021424396e-06,
            3.523158635303805e-06,
            1.96301828160204e-06,
            -2.2462427730365307e-07,
            -2.134763534643619e-06,
            -3.179271562671576e-06,
            -3.3942515587603735e-06,
            -3.0411032438619877e-06,
            -2.1388353924236776e-06,
            -5.957884022541653e-07,
            1.3218961401308445e-06,
            2.9716107530755714e-06,
            3.7918267757085457e-06,
            3.522729372267252e-06,
            2.0492722350570013e-06,
            -5.5278557678228e-07,
            -3.612138367056928e-06,
            -5.744187164625474e-06,
            -5.5477021685334415e-06,
            -2.6562525425510935e-06,
            1.8790793103524107e-06,
            6.242096879873669e-06,
            8.836306113014685e-06,
            8.750965181551482e-06,
            5.7098278531607525e-06,
            1.1273707250437128e-07,
            -6.664451573215643e-06,
            -1.2317969986621644e-05,
            -1.4509629522525725e-05,
            -1.2123168155905035e-05,
            -5.833317371772851e-06,
            2.41500015912417e-06,
            1.0356060664991472e-05,
            1.596104100280432e-05,
            1.7608280705801016e-05,
            1.44411476677371e-05,
            7.0056293015736215e-06,
            -2.5347523595852442e-06,
            -1.119035475389485e-05,
            -1.6505207684862335e-05,
            -1.7420412347225056e-05,
            -1.4166956839317597e-05,
            -7.743739078138373e-06,
            3.0878670021952293e-07,
            7.933296509391259e-06,
            1.299853932507875e-05,
            1.4233609882657254e-05,
            1.187340471141451e-05,
            7.322532198495487e-06,
            2.163916776579785e-06,
            -2.5137417751561783e-06,
            -6.039906669333413e-06,
            -7.876627875406791e-06,
            -7.766944019308333e-06,
            -6.128923964505008e-06,
            -3.9728966314098825e-06,
            -2.1818149920075345e-06,
            -8.89176158250643e-07,
            3.425323927871607e-07,
            1.8074028269288264e-06,
            3.293526120203281e-06,
            4.422166537397426e-06,
            5.095630141419979e-06,
            5.392860816614639e-06,
            5.11798087406378e-06,
            3.7634837627884647e-06,
            1.0970131398261588e-06,
            -2.3247626675116015e-06,
            -5.40791773845099e-06,
            -7.2843866635775855e-06,
            -7.7141579734871e-06,
            -6.789213401753293e-06,
            -4.535026368800916e-06,
            -1.059323958575868e-06,
            2.979502811312818e-06,
            6.370188157701207e-06,
            8.035564364656096e-06,
            7.704829643977712e-06,
            5.8445983638122275e-06
        ],
        [
            -5.655829695354401e-06,
            -5.613786511477323e-06,
            -4.339763854826446e-06,
            -2.592919415059249e-06,
            -1.087038200136764e-06,
            -8.314590904747502e-08,
            5.728356286151974e-07,
            1.089864590419676e-06,
            1.509960445423987e-06,
            1.8175548267380465e-06,
            2.0955054408934333e-06,
            2.417358123147591e-06,
            2.6086420138587327e-06,
            2.2735779572256658e-06,
            1.1633307828095183e-06,
            -5.117158982057015e-07,
            -2.1980249230350204e-06,
            -3.4028878667310283e-06,
            -3.922380752012413e-06,
            -3.7191156430655864e-06,
            -2.7521513446904786e-06,
            -1.0715543821923637e-06,
            9.60352560377831e-07,
            2.7156691187598293e-06,
            3.6828282357629477e-06,
            3.7868458668300686e-06,
            3.290496834908963e-06,
            2.4299836228672547e-06,
            1.2490677432644903e-06,
            -2.094067080779832e-07,
            -1.6857371553651517e-06,
            -2.803574740210829e-06,
            -3.3685606922551987e-06,
            -3.4569225261718567e-06,
            -3.1775196034286475e-06,
            -2.450371919607125e-06,
            -1.133466914040862e-06,
            6.509601281652565e-07,
            2.4337266217205023e-06,
            3.6952112153284907e-06,
            4.1916186678297915e-06,
            3.9489248388876364e-06,
            3.0262687187937727e-06,
            1.4474774548215685e-06,
            -5.872056457919031e-07,
            -2.5499623712910135e-06,
            -3.8065875437456824e-06,
            -4.03452630144366e-06,
            -3.378389308158925e-06,
            -2.1994117510768213e-06,
            -7.671120148045547e-07,
            7.42275150474936e-07,
            2.043359769278589e-06,
            2.735007368232723e-06,
            2.5966956554653557e-06,
            1.8301910540258817e-06,
            9.054044631459256e-07,
            1.640316088041713e-07,
            -3.577385769902342e-07,
            -7.30458323775682e-07,
            -8.938284563010615e-07,
            -7.308827660314127e-07,
            -3.3044240054308355e-07,
            -2.2383508348786872e-08,
            -7.513361392882943e-08,
            -4.180414230457229e-07,
            -7.422745277552138e-07,
            -8.446811336423786e-07,
            -7.728323112276736e-07,
            -6.413892546424877e-07,
            -4.4959290256730686e-07,
            -1.3147407402262945e-07,
            3.5217225434588096e-07,
            1.0596190748392702e-06,
            2.073163178732161e-06,
            3.2733842834979975e-06,
            4.103177160974396e-06,
            3.734757911443157e-06,
            1.6559654639834583e-06,
            -1.827437063373516e-06,
            -5.647232824507243e-06,
            -8.496568361117349e-06,
            -9.33315480798478e-06,
            -7.592537559869098e-06,
            -3.2855775239362495e-06,
            2.8165733085835655e-06,
            9.09803484706985e-06,
            1.34911185003662e-05,
            1.4329906424086243e-05,
            1.1117801156318426e-05,
            4.676508859297135e-06,
            -3.2882707308920043e-06,
            -1.0742227614762528e-05,
            -1.5723748254939348e-05,
            -1.6733340671694726e-05,
            -1.326011176849292e-05,
            -6.1832423172684455e-06,
            2.4093178831887203e-06,
            1.0033685982217094e-05,
            1.4735009328672826e-05,
            1.5565712933033116e-05,
            1.2572942439963335e-05,
            6.647936645645241e-06,
            -5.932741114827636e-07,
            -7.113323152271563e-06,
            -1.111255310013293e-05,
            -1.1748612742302667e-05,
            -9.378406144038703e-06,
            -5.163819686037389e-06,
            -4.498987165239531e-07,
            3.603042338490794e-06,
            6.1076113675597406e-06,
            6.569322907573191e-06,
            5.128062501253558e-06,
            2.6111605587025282e-06,
            1.3875167251449827e-07,
            -1.4836621905534938e-06,
            -2.0639170833189885e-06,
            -1.825931172216072e-06,
            -1.065432730491849e-06,
            -6.538327490121715e-08,
            7.838392087540092e-07,
            1.0328211126253424e-06,
            4.88580948778761e-07,
            -5.589493184269209e-07,
            -1.5296930669896174e-06,
            -1.9962293572993297e-06,
            -1.901329360955773e-06,
            -1.3794439353641535e-06,
            -5.075079377524229e-07,
            6.590948489105233e-07,
            1.8656742349573854e-06,
            2.6526823401980743e-06,
            2.678701988256431e-06,
            2.0113041308654636e-06,
            1.0250568184124174e-06,
            3.6770000682377185e-08,
            -8.713119042880357e-07,
            -1.6741241934114596e-06,
            -2.191394654702409e-06,
            -2.1849961068624713e-06,
            -1.6500323143363335e-06,
            -8.832567559488772e-07,
            -2.0283731492198565e-07,
            3.3118801181912843e-07,
            8.42126533825877e-07,
            1.332603770883461e-06,
            1.5861266642926407e-06,
            1.4185187522151662e-06,
            9.353481545917103e-07,
            4.353614082866748e-07,
            8.255198297036131e-08,
            -2.1541215065778706e-07,
            -5.767624014685376e-07,
            -9.00552602117382e-07,
            -9.566296918821964e-07,
            -6.911378978951967e-07,
            -3.246244366234412e-07,
            -1.0332662651654457e-07,
            -3.658566788422404e-08,
            3.25259814144399e-08,
            1.4231137367246704e-07,
            1.3199229308217115e-07,
            -1.0831963833069327e-07,
            -4.0345906277651277e-07,
            -4.2067215609186777e-07,
            -2.4272139352153705e-08,
            5.866549079010938e-07,
            1.111229932694269e-06,
            1.4206549908368849e-06,
            1.524714355409934e-06,
            1.3400886485529249e-06,
            6.611576638231432e-07,
            -5.55944622639556e-07,
            -1.955940205197225e-06,
            -2.9485281501945928e-06,
            -3.1299343331362387e-06,
            -2.494349224309776e-06,
            -1.260946798297023e-06,
            3.6546354018160177e-07,
            2.158798267548399e-06,
            3.6930546653658873e-06,
            4.4192989213556064e-06,
            3.9889522697796614e-06,
            2.414435745326691e-06,
            -3.250336359745186e-08,
            -2.88003861019061e-06,
            -5.368514773960946e-06,
            -6.512812733990164e-06,
            -5.549405753840387e-06,
            -2.5030673163217593e-06,
            1.6698362035167433e-06,
            5.53806529553171e-06,
            7.850037306230961e-06,
            7.897101559920483e-06,
            5.547237841788186e-06,
            1.2524282964444774e-06,
            -3.873846704425017e-06,
            -8.196155420813139e-06,
            -1.0141188499074876e-05,
            -8.947551572097123e-06,
            -5.006554358264747e-06,
            4.3019766149454147e-07,
            5.824814329460234e-06,
            9.754068723773136e-06,
            1.1103552023216838e-05,
            9.326753602866547e-06,
            4.79794670064638e-06,
            -1.112705414007569e-06,
            -6.535646122355302e-06,
            -9.915006720872207e-06,
            -1.0543742004645837e-05,
            -8.545182434960304e-06,
            -4.582988407321316e-06,
            3.1868959536870546e-07,
            4.868582952159907e-06,
            7.811007346039487e-06,
            8.45003734736216e-06,
            6.977400764137421e-06,
            4.253012658022572e-06,
            1.2301606097193116e-06,
            -1.4429431525326592e-06,
            -3.4062289536731998e-06,
            -4.429359203795182e-06,
            -4.45275402810045e-06,
            -3.747042072612226e-06,
            -2.831988849102484e-06,
            -2.0911217162699686e-06,
            -1.4734330792127598e-06,
            -6.371890006435557e-07,
            6.229811894930562e-07,
            2.14963132048867e-06,
            3.590787225305786e-06,
            4.660447193935417e-06,
            5.147882082141361e-06,
            4.769688576163108e-06,
            3.2330782180281054e-06,
            5.795593480697395e-07,
            -2.579070948206021e-06,
            -5.28660129557725e-06,
            -6.764505355699166e-06,
            -6.730242924823076e-06,
            -5.29963517688645e-06,
            -2.7637081686950095e-06,
            4.2053565623499256e-07,
            3.518074578007216e-06,
            5.64721262866154e-06,
            6.217971657069718e-06,
            5.27825977447757e-06,
            3.3929642603098175e-06
        ]
    ]
]